x y iters solved
0.001 0.20512820512820512 -1 False
0.04122554684089479 0.20512820512820512 -1 False
0.08145109368178959 0.20512820512820512 -1 False
0.12167664052268437 0.20512820512820512 -1 False
0.16190218736357917 0.20512820512820512 -1 False
0.20212773420447397 0.20512820512820512 -1 False
0.24235328104536874 0.20512820512820512 -1 False
0.28257882788626354 0.20512820512820512 -1 False
0.32280437472715834 0.20512820512820512 -1 False
0.36302992156805314 0.20512820512820512 -1 False
0.40325546840894794 0.20512820512820512 -1 False
0.44348101524984274 0.20512820512820512 -1 False
0.4837065620907375 0.20512820512820512 -1 False
0.5239321089316323 0.20512820512820512 -1 False
0.5641576557725271 0.20512820512820512 -1 False
0.6043832026134219 0.20512820512820512 -1 False
0.6446087494543167 0.20512820512820512 -1 False
0.6848342962952114 0.20512820512820512 -1 False
0.7250598431361063 0.20512820512820512 -1 False
0.765285389977001 0.20512820512820512 -1 False
0.8055109368178959 0.20512820512820512 -1 False
0.8457364836587906 0.20512820512820512 -1 False
0.8859620304996855 0.20512820512820512 -1 False
0.9261875773405802 0.20512820512820512 -1 False
0.966413124181475 0.20512820512820512 -1 False
1.0066386710223696 0.20512820512820512 -1 False
1.0468642178632646 0.20512820512820512 -1 False
1.0870897647041593 0.20512820512820512 -1 False
1.127315311545054 0.20512820512820512 -1 False
1.1675408583859488 0.20512820512820512 -1 False
1.2077664052268438 0.20512820512820512 -1 False
1.2479919520677385 0.20512820512820512 -1 False
1.2882174989086332 0.20512820512820512 -1 False
1.328443045749528 0.20512820512820512 -1 False
1.3686685925904227 0.20512820512820512 27 True
1.4088941394313177 0.20512820512820512 24 True
1.4491196862722124 0.20512820512820512 32 True
1.4893452331131072 0.20512820512820512 36 True
1.529570779954002 0.20512820512820512 56 True
1.5697963267948967 0.20512820512820512 -1 False
0.001 0.28257456828885397 -1 False
0.04122554684089479 0.28257456828885397 -1 False
0.08145109368178959 0.28257456828885397 -1 False
0.12167664052268437 0.28257456828885397 -1 False
0.16190218736357917 0.28257456828885397 -1 False
0.20212773420447397 0.28257456828885397 -1 False
0.24235328104536874 0.28257456828885397 -1 False
0.28257882788626354 0.28257456828885397 -1 False
0.32280437472715834 0.28257456828885397 -1 False
0.36302992156805314 0.28257456828885397 -1 False
0.40325546840894794 0.28257456828885397 -1 False
0.44348101524984274 0.28257456828885397 -1 False
0.4837065620907375 0.28257456828885397 -1 False
0.5239321089316323 0.28257456828885397 -1 False
0.5641576557725271 0.28257456828885397 -1 False
0.6043832026134219 0.28257456828885397 -1 False
0.6446087494543167 0.28257456828885397 -1 False
0.6848342962952114 0.28257456828885397 -1 False
0.7250598431361063 0.28257456828885397 -1 False
0.765285389977001 0.28257456828885397 -1 False
0.8055109368178959 0.28257456828885397 -1 False
0.8457364836587906 0.28257456828885397 -1 False
0.8859620304996855 0.28257456828885397 -1 False
0.9261875773405802 0.28257456828885397 -1 False
0.966413124181475 0.28257456828885397 -1 False
1.0066386710223696 0.28257456828885397 -1 False
1.0468642178632646 0.28257456828885397 -1 False
1.0870897647041593 0.28257456828885397 -1 False
1.127315311545054 0.28257456828885397 -1 False
1.1675408583859488 0.28257456828885397 -1 False
1.2077664052268438 0.28257456828885397 -1 False
1.2479919520677385 0.28257456828885397 -1 False
1.2882174989086332 0.28257456828885397 -1 False
1.328443045749528 0.28257456828885397 21 True
1.3686685925904227 0.28257456828885397 21 True
1.4088941394313177 0.28257456828885397 23 True
1.4491196862722124 0.28257456828885397 26 True
1.4893452331131072 0.28257456828885397 31 True
1.529570779954002 0.28257456828885397 49 True
1.5697963267948967 0.28257456828885397 -1 False
0.001 0.36002093144950287 -1 False
0.04122554684089479 0.36002093144950287 -1 False
0.08145109368178959 0.36002093144950287 -1 False
0.12167664052268437 0.36002093144950287 -1 False
0.16190218736357917 0.36002093144950287 -1 False
0.20212773420447397 0.36002093144950287 -1 False
0.24235328104536874 0.36002093144950287 -1 False
0.28257882788626354 0.36002093144950287 -1 False
0.32280437472715834 0.36002093144950287 -1 False
0.36302992156805314 0.36002093144950287 -1 False
0.40325546840894794 0.36002093144950287 -1 False
0.44348101524984274 0.36002093144950287 -1 False
0.4837065620907375 0.36002093144950287 -1 False
0.5239321089316323 0.36002093144950287 -1 False
0.5641576557725271 0.36002093144950287 -1 False
0.6043832026134219 0.36002093144950287 -1 False
0.6446087494543167 0.36002093144950287 -1 False
0.6848342962952114 0.36002093144950287 -1 False
0.7250598431361063 0.36002093144950287 -1 False
0.765285389977001 0.36002093144950287 -1 False
0.8055109368178959 0.36002093144950287 -1 False
0.8457364836587906 0.36002093144950287 -1 False
0.8859620304996855 0.36002093144950287 -1 False
0.9261875773405802 0.36002093144950287 -1 False
0.966413124181475 0.36002093144950287 -1 False
1.0066386710223696 0.36002093144950287 -1 False
1.0468642178632646 0.36002093144950287 -1 False
1.0870897647041593 0.36002093144950287 -1 False
1.127315311545054 0.36002093144950287 -1 False
1.1675408583859488 0.36002093144950287 -1 False
1.2077664052268438 0.36002093144950287 -1 False
1.2479919520677385 0.36002093144950287 19 True
1.2882174989086332 0.36002093144950287 19 True
1.328443045749528 0.36002093144950287 19 True
1.3686685925904227 0.36002093144950287 22 True
1.4088941394313177 0.36002093144950287 23 True
1.4491196862722124 0.36002093144950287 24 True
1.4893452331131072 0.36002093144950287 31 True
1.529570779954002 0.36002093144950287 47 True
1.5697963267948967 0.36002093144950287 -1 False
0.001 0.43746729461015177 -1 False
0.04122554684089479 0.43746729461015177 -1 False
0.08145109368178959 0.43746729461015177 -1 False
0.12167664052268437 0.43746729461015177 -1 False
0.16190218736357917 0.43746729461015177 -1 False
0.20212773420447397 0.43746729461015177 -1 False
0.24235328104536874 0.43746729461015177 -1 False
0.28257882788626354 0.43746729461015177 -1 False
0.32280437472715834 0.43746729461015177 -1 False
0.36302992156805314 0.43746729461015177 -1 False
0.40325546840894794 0.43746729461015177 -1 False
0.44348101524984274 0.43746729461015177 -1 False
0.4837065620907375 0.43746729461015177 -1 False
0.5239321089316323 0.43746729461015177 -1 False
0.5641576557725271 0.43746729461015177 -1 False
0.6043832026134219 0.43746729461015177 -1 False
0.6446087494543167 0.43746729461015177 -1 False
0.6848342962952114 0.43746729461015177 -1 False
0.7250598431361063 0.43746729461015177 -1 False
0.765285389977001 0.43746729461015177 -1 False
0.8055109368178959 0.43746729461015177 -1 False
0.8457364836587906 0.43746729461015177 -1 False
0.8859620304996855 0.43746729461015177 -1 False
0.9261875773405802 0.43746729461015177 -1 False
0.966413124181475 0.43746729461015177 -1 False
1.0066386710223696 0.43746729461015177 -1 False
1.0468642178632646 0.43746729461015177 -1 False
1.0870897647041593 0.43746729461015177 -1 False
1.127315311545054 0.43746729461015177 -1 False
1.1675408583859488 0.43746729461015177 18 True
1.2077664052268438 0.43746729461015177 17 True
1.2479919520677385 0.43746729461015177 16 True
1.2882174989086332 0.43746729461015177 17 True
1.328443045749528 0.43746729461015177 18 True
1.3686685925904227 0.43746729461015177 21 True
1.4088941394313177 0.43746729461015177 22 True
1.4491196862722124 0.43746729461015177 22 True
1.4893452331131072 0.43746729461015177 29 True
1.529570779954002 0.43746729461015177 47 True
1.5697963267948967 0.43746729461015177 -1 False
0.001 0.5149136577708007 -1 False
0.04122554684089479 0.5149136577708007 -1 False
0.08145109368178959 0.5149136577708007 -1 False
0.12167664052268437 0.5149136577708007 -1 False
0.16190218736357917 0.5149136577708007 -1 False
0.20212773420447397 0.5149136577708007 -1 False
0.24235328104536874 0.5149136577708007 -1 False
0.28257882788626354 0.5149136577708007 -1 False
0.32280437472715834 0.5149136577708007 -1 False
0.36302992156805314 0.5149136577708007 -1 False
0.40325546840894794 0.5149136577708007 -1 False
0.44348101524984274 0.5149136577708007 -1 False
0.4837065620907375 0.5149136577708007 -1 False
0.5239321089316323 0.5149136577708007 -1 False
0.5641576557725271 0.5149136577708007 -1 False
0.6043832026134219 0.5149136577708007 -1 False
0.6446087494543167 0.5149136577708007 -1 False
0.6848342962952114 0.5149136577708007 -1 False
0.7250598431361063 0.5149136577708007 -1 False
0.765285389977001 0.5149136577708007 -1 False
0.8055109368178959 0.5149136577708007 -1 False
0.8457364836587906 0.5149136577708007 -1 False
0.8859620304996855 0.5149136577708007 -1 False
0.9261875773405802 0.5149136577708007 -1 False
0.966413124181475 0.5149136577708007 -1 False
1.0066386710223696 0.5149136577708007 -1 False
1.0468642178632646 0.5149136577708007 -1 False
1.0870897647041593 0.5149136577708007 19 True
1.127315311545054 0.5149136577708007 16 True
1.1675408583859488 0.5149136577708007 15 True
1.2077664052268438 0.5149136577708007 16 True
1.2479919520677385 0.5149136577708007 15 True
1.2882174989086332 0.5149136577708007 17 True
1.328443045749528 0.5149136577708007 18 True
1.3686685925904227 0.5149136577708007 18 True
1.4088941394313177 0.5149136577708007 20 True
1.4491196862722124 0.5149136577708007 23 True
1.4893452331131072 0.5149136577708007 29 True
1.529570779954002 0.5149136577708007 41 True
1.5697963267948967 0.5149136577708007 -1 False
0.001 0.5923600209314495 -1 False
0.04122554684089479 0.5923600209314495 -1 False
0.08145109368178959 0.5923600209314495 -1 False
0.12167664052268437 0.5923600209314495 -1 False
0.16190218736357917 0.5923600209314495 -1 False
0.20212773420447397 0.5923600209314495 -1 False
0.24235328104536874 0.5923600209314495 -1 False
0.28257882788626354 0.5923600209314495 -1 False
0.32280437472715834 0.5923600209314495 -1 False
0.36302992156805314 0.5923600209314495 -1 False
0.40325546840894794 0.5923600209314495 -1 False
0.44348101524984274 0.5923600209314495 -1 False
0.4837065620907375 0.5923600209314495 -1 False
0.5239321089316323 0.5923600209314495 -1 False
0.5641576557725271 0.5923600209314495 -1 False
0.6043832026134219 0.5923600209314495 -1 False
0.6446087494543167 0.5923600209314495 -1 False
0.6848342962952114 0.5923600209314495 -1 False
0.7250598431361063 0.5923600209314495 -1 False
0.765285389977001 0.5923600209314495 -1 False
0.8055109368178959 0.5923600209314495 -1 False
0.8457364836587906 0.5923600209314495 -1 False
0.8859620304996855 0.5923600209314495 -1 False
0.9261875773405802 0.5923600209314495 -1 False
0.966413124181475 0.5923600209314495 -1 False
1.0066386710223696 0.5923600209314495 -1 False
1.0468642178632646 0.5923600209314495 15 True
1.0870897647041593 0.5923600209314495 16 True
1.127315311545054 0.5923600209314495 16 True
1.1675408583859488 0.5923600209314495 16 True
1.2077664052268438 0.5923600209314495 16 True
1.2479919520677385 0.5923600209314495 16 True
1.2882174989086332 0.5923600209314495 15 True
1.328443045749528 0.5923600209314495 16 True
1.3686685925904227 0.5923600209314495 17 True
1.4088941394313177 0.5923600209314495 20 True
1.4491196862722124 0.5923600209314495 25 True
1.4893452331131072 0.5923600209314495 29 True
1.529570779954002 0.5923600209314495 42 True
1.5697963267948967 0.5923600209314495 -1 False
0.001 0.6698063840920984 -1 False
0.04122554684089479 0.6698063840920984 -1 False
0.08145109368178959 0.6698063840920984 -1 False
0.12167664052268437 0.6698063840920984 -1 False
0.16190218736357917 0.6698063840920984 -1 False
0.20212773420447397 0.6698063840920984 -1 False
0.24235328104536874 0.6698063840920984 -1 False
0.28257882788626354 0.6698063840920984 -1 False
0.32280437472715834 0.6698063840920984 -1 False
0.36302992156805314 0.6698063840920984 -1 False
0.40325546840894794 0.6698063840920984 -1 False
0.44348101524984274 0.6698063840920984 -1 False
0.4837065620907375 0.6698063840920984 -1 False
0.5239321089316323 0.6698063840920984 -1 False
0.5641576557725271 0.6698063840920984 -1 False
0.6043832026134219 0.6698063840920984 -1 False
0.6446087494543167 0.6698063840920984 -1 False
0.6848342962952114 0.6698063840920984 -1 False
0.7250598431361063 0.6698063840920984 -1 False
0.765285389977001 0.6698063840920984 -1 False
0.8055109368178959 0.6698063840920984 -1 False
0.8457364836587906 0.6698063840920984 -1 False
0.8859620304996855 0.6698063840920984 -1 False
0.9261875773405802 0.6698063840920984 -1 False
0.966413124181475 0.6698063840920984 16 True
1.0066386710223696 0.6698063840920984 15 True
1.0468642178632646 0.6698063840920984 15 True
1.0870897647041593 0.6698063840920984 16 True
1.127315311545054 0.6698063840920984 14 True
1.1675408583859488 0.6698063840920984 14 True
1.2077664052268438 0.6698063840920984 15 True
1.2479919520677385 0.6698063840920984 16 True
1.2882174989086332 0.6698063840920984 16 True
1.328443045749528 0.6698063840920984 17 True
1.3686685925904227 0.6698063840920984 18 True
1.4088941394313177 0.6698063840920984 19 True
1.4491196862722124 0.6698063840920984 24 True
1.4893452331131072 0.6698063840920984 28 True
1.529570779954002 0.6698063840920984 43 True
1.5697963267948967 0.6698063840920984 -1 False
0.001 0.7472527472527473 -1 False
0.04122554684089479 0.7472527472527473 -1 False
0.08145109368178959 0.7472527472527473 -1 False
0.12167664052268437 0.7472527472527473 -1 False
0.16190218736357917 0.7472527472527473 -1 False
0.20212773420447397 0.7472527472527473 -1 False
0.24235328104536874 0.7472527472527473 -1 False
0.28257882788626354 0.7472527472527473 -1 False
0.32280437472715834 0.7472527472527473 -1 False
0.36302992156805314 0.7472527472527473 -1 False
0.40325546840894794 0.7472527472527473 -1 False
0.44348101524984274 0.7472527472527473 -1 False
0.4837065620907375 0.7472527472527473 -1 False
0.5239321089316323 0.7472527472527473 -1 False
0.5641576557725271 0.7472527472527473 -1 False
0.6043832026134219 0.7472527472527473 -1 False
0.6446087494543167 0.7472527472527473 -1 False
0.6848342962952114 0.7472527472527473 -1 False
0.7250598431361063 0.7472527472527473 -1 False
0.765285389977001 0.7472527472527473 -1 False
0.8055109368178959 0.7472527472527473 -1 False
0.8457364836587906 0.7472527472527473 -1 False
0.8859620304996855 0.7472527472527473 17 True
0.9261875773405802 0.7472527472527473 14 True
0.966413124181475 0.7472527472527473 15 True
1.0066386710223696 0.7472527472527473 14 True
1.0468642178632646 0.7472527472527473 15 True
1.0870897647041593 0.7472527472527473 13 True
1.127315311545054 0.7472527472527473 14 True
1.1675408583859488 0.7472527472527473 15 True
1.2077664052268438 0.7472527472527473 14 True
1.2479919520677385 0.7472527472527473 15 True
1.2882174989086332 0.7472527472527473 15 True
1.328443045749528 0.7472527472527473 16 True
1.3686685925904227 0.7472527472527473 19 True
1.4088941394313177 0.7472527472527473 22 True
1.4491196862722124 0.7472527472527473 24 True
1.4893452331131072 0.7472527472527473 28 True
1.529570779954002 0.7472527472527473 43 True
1.5697963267948967 0.7472527472527473 -1 False
0.001 0.824699110413396 -1 False
0.04122554684089479 0.824699110413396 -1 False
0.08145109368178959 0.824699110413396 -1 False
0.12167664052268437 0.824699110413396 -1 False
0.16190218736357917 0.824699110413396 -1 False
0.20212773420447397 0.824699110413396 -1 False
0.24235328104536874 0.824699110413396 -1 False
0.28257882788626354 0.824699110413396 -1 False
0.32280437472715834 0.824699110413396 -1 False
0.36302992156805314 0.824699110413396 -1 False
0.40325546840894794 0.824699110413396 -1 False
0.44348101524984274 0.824699110413396 -1 False
0.4837065620907375 0.824699110413396 -1 False
0.5239321089316323 0.824699110413396 -1 False
0.5641576557725271 0.824699110413396 -1 False
0.6043832026134219 0.824699110413396 -1 False
0.6446087494543167 0.824699110413396 -1 False
0.6848342962952114 0.824699110413396 -1 False
0.7250598431361063 0.824699110413396 -1 False
0.765285389977001 0.824699110413396 -1 False
0.8055109368178959 0.824699110413396 -1 False
0.8457364836587906 0.824699110413396 15 True
0.8859620304996855 0.824699110413396 13 True
0.9261875773405802 0.824699110413396 15 True
0.966413124181475 0.824699110413396 15 True
1.0066386710223696 0.824699110413396 14 True
1.0468642178632646 0.824699110413396 14 True
1.0870897647041593 0.824699110413396 14 True
1.127315311545054 0.824699110413396 14 True
1.1675408583859488 0.824699110413396 15 True
1.2077664052268438 0.824699110413396 15 True
1.2479919520677385 0.824699110413396 15 True
1.2882174989086332 0.824699110413396 15 True
1.328443045749528 0.824699110413396 16 True
1.3686685925904227 0.824699110413396 18 True
1.4088941394313177 0.824699110413396 20 True
1.4491196862722124 0.824699110413396 23 True
1.4893452331131072 0.824699110413396 28 True
1.529570779954002 0.824699110413396 41 True
1.5697963267948967 0.824699110413396 -1 False
0.001 0.9021454735740451 -1 False
0.04122554684089479 0.9021454735740451 -1 False
0.08145109368178959 0.9021454735740451 -1 False
0.12167664052268437 0.9021454735740451 -1 False
0.16190218736357917 0.9021454735740451 -1 False
0.20212773420447397 0.9021454735740451 -1 False
0.24235328104536874 0.9021454735740451 -1 False
0.28257882788626354 0.9021454735740451 -1 False
0.32280437472715834 0.9021454735740451 -1 False
0.36302992156805314 0.9021454735740451 -1 False
0.40325546840894794 0.9021454735740451 -1 False
0.44348101524984274 0.9021454735740451 -1 False
0.4837065620907375 0.9021454735740451 -1 False
0.5239321089316323 0.9021454735740451 -1 False
0.5641576557725271 0.9021454735740451 -1 False
0.6043832026134219 0.9021454735740451 -1 False
0.6446087494543167 0.9021454735740451 -1 False
0.6848342962952114 0.9021454735740451 -1 False
0.7250598431361063 0.9021454735740451 -1 False
0.765285389977001 0.9021454735740451 -1 False
0.8055109368178959 0.9021454735740451 14 True
0.8457364836587906 0.9021454735740451 12 True
0.8859620304996855 0.9021454735740451 14 True
0.9261875773405802 0.9021454735740451 14 True
0.966413124181475 0.9021454735740451 14 True
1.0066386710223696 0.9021454735740451 14 True
1.0468642178632646 0.9021454735740451 13 True
1.0870897647041593 0.9021454735740451 14 True
1.127315311545054 0.9021454735740451 14 True
1.1675408583859488 0.9021454735740451 14 True
1.2077664052268438 0.9021454735740451 14 True
1.2479919520677385 0.9021454735740451 15 True
1.2882174989086332 0.9021454735740451 15 True
1.328443045749528 0.9021454735740451 17 True
1.3686685925904227 0.9021454735740451 18 True
1.4088941394313177 0.9021454735740451 20 True
1.4491196862722124 0.9021454735740451 24 True
1.4893452331131072 0.9021454735740451 30 True
1.529570779954002 0.9021454735740451 46 True
1.5697963267948967 0.9021454735740451 -1 False
0.001 0.9795918367346939 -1 False
0.04122554684089479 0.9795918367346939 -1 False
0.08145109368178959 0.9795918367346939 -1 False
0.12167664052268437 0.9795918367346939 -1 False
0.16190218736357917 0.9795918367346939 -1 False
0.20212773420447397 0.9795918367346939 -1 False
0.24235328104536874 0.9795918367346939 -1 False
0.28257882788626354 0.9795918367346939 -1 False
0.32280437472715834 0.9795918367346939 -1 False
0.36302992156805314 0.9795918367346939 -1 False
0.40325546840894794 0.9795918367346939 -1 False
0.44348101524984274 0.9795918367346939 -1 False
0.4837065620907375 0.9795918367346939 -1 False
0.5239321089316323 0.9795918367346939 -1 False
0.5641576557725271 0.9795918367346939 -1 False
0.6043832026134219 0.9795918367346939 -1 False
0.6446087494543167 0.9795918367346939 -1 False
0.6848342962952114 0.9795918367346939 -1 False
0.7250598431361063 0.9795918367346939 16 True
0.765285389977001 0.9795918367346939 14 True
0.8055109368178959 0.9795918367346939 12 True
0.8457364836587906 0.9795918367346939 13 True
0.8859620304996855 0.9795918367346939 13 True
0.9261875773405802 0.9795918367346939 13 True
0.966413124181475 0.9795918367346939 13 True
1.0066386710223696 0.9795918367346939 13 True
1.0468642178632646 0.9795918367346939 14 True
1.0870897647041593 0.9795918367346939 14 True
1.127315311545054 0.9795918367346939 13 True
1.1675408583859488 0.9795918367346939 14 True
1.2077664052268438 0.9795918367346939 15 True
1.2479919520677385 0.9795918367346939 17 True
1.2882174989086332 0.9795918367346939 17 True
1.328443045749528 0.9795918367346939 17 True
1.3686685925904227 0.9795918367346939 19 True
1.4088941394313177 0.9795918367346939 22 True
1.4491196862722124 0.9795918367346939 27 True
1.4893452331131072 0.9795918367346939 31 True
1.529570779954002 0.9795918367346939 42 True
1.5697963267948967 0.9795918367346939 -1 False
0.001 1.0570381998953426 -1 False
0.04122554684089479 1.0570381998953426 -1 False
0.08145109368178959 1.0570381998953426 -1 False
0.12167664052268437 1.0570381998953426 -1 False
0.16190218736357917 1.0570381998953426 -1 False
0.20212773420447397 1.0570381998953426 -1 False
0.24235328104536874 1.0570381998953426 -1 False
0.28257882788626354 1.0570381998953426 -1 False
0.32280437472715834 1.0570381998953426 -1 False
0.36302992156805314 1.0570381998953426 -1 False
0.40325546840894794 1.0570381998953426 -1 False
0.44348101524984274 1.0570381998953426 -1 False
0.4837065620907375 1.0570381998953426 -1 False
0.5239321089316323 1.0570381998953426 -1 False
0.5641576557725271 1.0570381998953426 -1 False
0.6043832026134219 1.0570381998953426 -1 False
0.6446087494543167 1.0570381998953426 -1 False
0.6848342962952114 1.0570381998953426 15 True
0.7250598431361063 1.0570381998953426 12 True
0.765285389977001 1.0570381998953426 13 True
0.8055109368178959 1.0570381998953426 13 True
0.8457364836587906 1.0570381998953426 13 True
0.8859620304996855 1.0570381998953426 13 True
0.9261875773405802 1.0570381998953426 12 True
0.966413124181475 1.0570381998953426 13 True
1.0066386710223696 1.0570381998953426 14 True
1.0468642178632646 1.0570381998953426 14 True
1.0870897647041593 1.0570381998953426 13 True
1.127315311545054 1.0570381998953426 14 True
1.1675408583859488 1.0570381998953426 15 True
1.2077664052268438 1.0570381998953426 15 True
1.2479919520677385 1.0570381998953426 16 True
1.2882174989086332 1.0570381998953426 16 True
1.328443045749528 1.0570381998953426 17 True
1.3686685925904227 1.0570381998953426 20 True
1.4088941394313177 1.0570381998953426 23 True
1.4491196862722124 1.0570381998953426 27 True
1.4893452331131072 1.0570381998953426 31 True
1.529570779954002 1.0570381998953426 42 True
1.5697963267948967 1.0570381998953426 -1 False
0.001 1.1344845630559917 -1 False
0.04122554684089479 1.1344845630559917 -1 False
0.08145109368178959 1.1344845630559917 -1 False
0.12167664052268437 1.1344845630559917 -1 False
0.16190218736357917 1.1344845630559917 -1 False
0.20212773420447397 1.1344845630559917 -1 False
0.24235328104536874 1.1344845630559917 -1 False
0.28257882788626354 1.1344845630559917 -1 False
0.32280437472715834 1.1344845630559917 -1 False
0.36302992156805314 1.1344845630559917 -1 False
0.40325546840894794 1.1344845630559917 -1 False
0.44348101524984274 1.1344845630559917 -1 False
0.4837065620907375 1.1344845630559917 -1 False
0.5239321089316323 1.1344845630559917 -1 False
0.5641576557725271 1.1344845630559917 -1 False
0.6043832026134219 1.1344845630559917 -1 False
0.6446087494543167 1.1344845630559917 14 True
0.6848342962952114 1.1344845630559917 13 True
0.7250598431361063 1.1344845630559917 12 True
0.765285389977001 1.1344845630559917 12 True
0.8055109368178959 1.1344845630559917 13 True
0.8457364836587906 1.1344845630559917 12 True
0.8859620304996855 1.1344845630559917 13 True
0.9261875773405802 1.1344845630559917 13 True
0.966413124181475 1.1344845630559917 14 True
1.0066386710223696 1.1344845630559917 14 True
1.0468642178632646 1.1344845630559917 14 True
1.0870897647041593 1.1344845630559917 14 True
1.127315311545054 1.1344845630559917 13 True
1.1675408583859488 1.1344845630559917 14 True
1.2077664052268438 1.1344845630559917 15 True
1.2479919520677385 1.1344845630559917 15 True
1.2882174989086332 1.1344845630559917 16 True
1.328443045749528 1.1344845630559917 18 True
1.3686685925904227 1.1344845630559917 19 True
1.4088941394313177 1.1344845630559917 27 True
1.4491196862722124 1.1344845630559917 33 True
1.4893452331131072 1.1344845630559917 34 True
1.529570779954002 1.1344845630559917 44 True
1.5697963267948967 1.1344845630559917 -1 False
0.001 1.2119309262166404 -1 False
0.04122554684089479 1.2119309262166404 -1 False
0.08145109368178959 1.2119309262166404 -1 False
0.12167664052268437 1.2119309262166404 -1 False
0.16190218736357917 1.2119309262166404 -1 False
0.20212773420447397 1.2119309262166404 -1 False
0.24235328104536874 1.2119309262166404 -1 False
0.28257882788626354 1.2119309262166404 -1 False
0.32280437472715834 1.2119309262166404 -1 False
0.36302992156805314 1.2119309262166404 -1 False
0.40325546840894794 1.2119309262166404 -1 False
0.44348101524984274 1.2119309262166404 -1 False
0.4837065620907375 1.2119309262166404 -1 False
0.5239321089316323 1.2119309262166404 -1 False
0.5641576557725271 1.2119309262166404 20 True
0.6043832026134219 1.2119309262166404 15 True
0.6446087494543167 1.2119309262166404 12 True
0.6848342962952114 1.2119309262166404 11 True
0.7250598431361063 1.2119309262166404 12 True
0.765285389977001 1.2119309262166404 12 True
0.8055109368178959 1.2119309262166404 12 True
0.8457364836587906 1.2119309262166404 12 True
0.8859620304996855 1.2119309262166404 12 True
0.9261875773405802 1.2119309262166404 13 True
0.966413124181475 1.2119309262166404 14 True
1.0066386710223696 1.2119309262166404 13 True
1.0468642178632646 1.2119309262166404 14 True
1.0870897647041593 1.2119309262166404 15 True
1.127315311545054 1.2119309262166404 16 True
1.1675408583859488 1.2119309262166404 16 True
1.2077664052268438 1.2119309262166404 17 True
1.2479919520677385 1.2119309262166404 17 True
1.2882174989086332 1.2119309262166404 17 True
1.328443045749528 1.2119309262166404 17 True
1.3686685925904227 1.2119309262166404 20 True
1.4088941394313177 1.2119309262166404 30 True
1.4491196862722124 1.2119309262166404 31 True
1.4893452331131072 1.2119309262166404 36 True
1.529570779954002 1.2119309262166404 47 True
1.5697963267948967 1.2119309262166404 -1 False
0.001 1.2893772893772892 -1 False
0.04122554684089479 1.2893772893772892 -1 False
0.08145109368178959 1.2893772893772892 -1 False
0.12167664052268437 1.2893772893772892 -1 False
0.16190218736357917 1.2893772893772892 -1 False
0.20212773420447397 1.2893772893772892 -1 False
0.24235328104536874 1.2893772893772892 -1 False
0.28257882788626354 1.2893772893772892 -1 False
0.32280437472715834 1.2893772893772892 -1 False
0.36302992156805314 1.2893772893772892 -1 False
0.40325546840894794 1.2893772893772892 -1 False
0.44348101524984274 1.2893772893772892 -1 False
0.4837065620907375 1.2893772893772892 -1 False
0.5239321089316323 1.2893772893772892 17 True
0.5641576557725271 1.2893772893772892 13 True
0.6043832026134219 1.2893772893772892 13 True
0.6446087494543167 1.2893772893772892 11 True
0.6848342962952114 1.2893772893772892 13 True
0.7250598431361063 1.2893772893772892 12 True
0.765285389977001 1.2893772893772892 13 True
0.8055109368178959 1.2893772893772892 12 True
0.8457364836587906 1.2893772893772892 13 True
0.8859620304996855 1.2893772893772892 13 True
0.9261875773405802 1.2893772893772892 13 True
0.966413124181475 1.2893772893772892 13 True
1.0066386710223696 1.2893772893772892 14 True
1.0468642178632646 1.2893772893772892 14 True
1.0870897647041593 1.2893772893772892 15 True
1.127315311545054 1.2893772893772892 16 True
1.1675408583859488 1.2893772893772892 18 True
1.2077664052268438 1.2893772893772892 18 True
1.2479919520677385 1.2893772893772892 17 True
1.2882174989086332 1.2893772893772892 19 True
1.328443045749528 1.2893772893772892 19 True
1.3686685925904227 1.2893772893772892 21 True
1.4088941394313177 1.2893772893772892 36 True
1.4491196862722124 1.2893772893772892 36 True
1.4893452331131072 1.2893772893772892 47 True
1.529570779954002 1.2893772893772892 57 True
1.5697963267948967 1.2893772893772892 -1 False
0.001 1.3668236525379382 -1 False
0.04122554684089479 1.3668236525379382 -1 False
0.08145109368178959 1.3668236525379382 -1 False
0.12167664052268437 1.3668236525379382 -1 False
0.16190218736357917 1.3668236525379382 -1 False
0.20212773420447397 1.3668236525379382 -1 False
0.24235328104536874 1.3668236525379382 -1 False
0.28257882788626354 1.3668236525379382 -1 False
0.32280437472715834 1.3668236525379382 -1 False
0.36302992156805314 1.3668236525379382 -1 False
0.40325546840894794 1.3668236525379382 -1 False
0.44348101524984274 1.3668236525379382 -1 False
0.4837065620907375 1.3668236525379382 16 True
0.5239321089316323 1.3668236525379382 13 True
0.5641576557725271 1.3668236525379382 12 True
0.6043832026134219 1.3668236525379382 12 True
0.6446087494543167 1.3668236525379382 11 True
0.6848342962952114 1.3668236525379382 11 True
0.7250598431361063 1.3668236525379382 12 True
0.765285389977001 1.3668236525379382 12 True
0.8055109368178959 1.3668236525379382 12 True
0.8457364836587906 1.3668236525379382 12 True
0.8859620304996855 1.3668236525379382 14 True
0.9261875773405802 1.3668236525379382 13 True
0.966413124181475 1.3668236525379382 14 True
1.0066386710223696 1.3668236525379382 14 True
1.0468642178632646 1.3668236525379382 16 True
1.0870897647041593 1.3668236525379382 17 True
1.127315311545054 1.3668236525379382 18 True
1.1675408583859488 1.3668236525379382 18 True
1.2077664052268438 1.3668236525379382 18 True
1.2479919520677385 1.3668236525379382 20 True
1.2882174989086332 1.3668236525379382 19 True
1.328443045749528 1.3668236525379382 22 True
1.3686685925904227 1.3668236525379382 21 True
1.4088941394313177 1.3668236525379382 31 True
1.4491196862722124 1.3668236525379382 35 True
1.4893452331131072 1.3668236525379382 46 True
1.529570779954002 1.3668236525379382 62 True
1.5697963267948967 1.3668236525379382 -1 False
0.001 1.444270015698587 -1 False
0.04122554684089479 1.444270015698587 -1 False
0.08145109368178959 1.444270015698587 -1 False
0.12167664052268437 1.444270015698587 -1 False
0.16190218736357917 1.444270015698587 -1 False
0.20212773420447397 1.444270015698587 -1 False
0.24235328104536874 1.444270015698587 -1 False
0.28257882788626354 1.444270015698587 -1 False
0.32280437472715834 1.444270015698587 -1 False
0.36302992156805314 1.444270015698587 -1 False
0.40325546840894794 1.444270015698587 -1 False
0.44348101524984274 1.444270015698587 17 True
0.4837065620907375 1.444270015698587 14 True
0.5239321089316323 1.444270015698587 13 True
0.5641576557725271 1.444270015698587 12 True
0.6043832026134219 1.444270015698587 12 True
0.6446087494543167 1.444270015698587 12 True
0.6848342962952114 1.444270015698587 12 True
0.7250598431361063 1.444270015698587 11 True
0.765285389977001 1.444270015698587 12 True
0.8055109368178959 1.444270015698587 14 True
0.8457364836587906 1.444270015698587 14 True
0.8859620304996855 1.444270015698587 13 True
0.9261875773405802 1.444270015698587 14 True
0.966413124181475 1.444270015698587 16 True
1.0066386710223696 1.444270015698587 15 True
1.0468642178632646 1.444270015698587 17 True
1.0870897647041593 1.444270015698587 18 True
1.127315311545054 1.444270015698587 20 True
1.1675408583859488 1.444270015698587 21 True
1.2077664052268438 1.444270015698587 20 True
1.2479919520677385 1.444270015698587 21 True
1.2882174989086332 1.444270015698587 23 True
1.328443045749528 1.444270015698587 24 True
1.3686685925904227 1.444270015698587 33 True
1.4088941394313177 1.444270015698587 35 True
1.4491196862722124 1.444270015698587 38 True
1.4893452331131072 1.444270015698587 43 True
1.529570779954002 1.444270015698587 54 True
1.5697963267948967 1.444270015698587 -1 False
0.001 1.5217163788592358 -1 False
0.04122554684089479 1.5217163788592358 -1 False
0.08145109368178959 1.5217163788592358 -1 False
0.12167664052268437 1.5217163788592358 -1 False
0.16190218736357917 1.5217163788592358 -1 False
0.20212773420447397 1.5217163788592358 -1 False
0.24235328104536874 1.5217163788592358 -1 False
0.28257882788626354 1.5217163788592358 -1 False
0.32280437472715834 1.5217163788592358 -1 False
0.36302992156805314 1.5217163788592358 -1 False
0.40325546840894794 1.5217163788592358 17 True
0.44348101524984274 1.5217163788592358 14 True
0.4837065620907375 1.5217163788592358 12 True
0.5239321089316323 1.5217163788592358 13 True
0.5641576557725271 1.5217163788592358 11 True
0.6043832026134219 1.5217163788592358 11 True
0.6446087494543167 1.5217163788592358 12 True
0.6848342962952114 1.5217163788592358 11 True
0.7250598431361063 1.5217163788592358 12 True
0.765285389977001 1.5217163788592358 14 True
0.8055109368178959 1.5217163788592358 14 True
0.8457364836587906 1.5217163788592358 14 True
0.8859620304996855 1.5217163788592358 14 True
0.9261875773405802 1.5217163788592358 15 True
0.966413124181475 1.5217163788592358 16 True
1.0066386710223696 1.5217163788592358 17 True
1.0468642178632646 1.5217163788592358 18 True
1.0870897647041593 1.5217163788592358 21 True
1.127315311545054 1.5217163788592358 21 True
1.1675408583859488 1.5217163788592358 21 True
1.2077664052268438 1.5217163788592358 20 True
1.2479919520677385 1.5217163788592358 26 True
1.2882174989086332 1.5217163788592358 28 True
1.328443045749528 1.5217163788592358 30 True
1.3686685925904227 1.5217163788592358 32 True
1.4088941394313177 1.5217163788592358 36 True
1.4491196862722124 1.5217163788592358 40 True
1.4893452331131072 1.5217163788592358 44 True
1.529570779954002 1.5217163788592358 54 True
1.5697963267948967 1.5217163788592358 -1 False
0.001 1.5991627420198848 -1 False
0.04122554684089479 1.5991627420198848 -1 False
0.08145109368178959 1.5991627420198848 -1 False
0.12167664052268437 1.5991627420198848 -1 False
0.16190218736357917 1.5991627420198848 -1 False
0.20212773420447397 1.5991627420198848 -1 False
0.24235328104536874 1.5991627420198848 -1 False
0.28257882788626354 1.5991627420198848 -1 False
0.32280437472715834 1.5991627420198848 -1 False
0.36302992156805314 1.5991627420198848 18 True
0.40325546840894794 1.5991627420198848 15 True
0.44348101524984274 1.5991627420198848 13 True
0.4837065620907375 1.5991627420198848 12 True
0.5239321089316323 1.5991627420198848 12 True
0.5641576557725271 1.5991627420198848 13 True
0.6043832026134219 1.5991627420198848 12 True
0.6446087494543167 1.5991627420198848 11 True
0.6848342962952114 1.5991627420198848 12 True
0.7250598431361063 1.5991627420198848 13 True
0.765285389977001 1.5991627420198848 13 True
0.8055109368178959 1.5991627420198848 14 True
0.8457364836587906 1.5991627420198848 15 True
0.8859620304996855 1.5991627420198848 16 True
0.9261875773405802 1.5991627420198848 15 True
0.966413124181475 1.5991627420198848 17 True
1.0066386710223696 1.5991627420198848 18 True
1.0468642178632646 1.5991627420198848 20 True
1.0870897647041593 1.5991627420198848 21 True
1.127315311545054 1.5991627420198848 22 True
1.1675408583859488 1.5991627420198848 22 True
1.2077664052268438 1.5991627420198848 27 True
1.2479919520677385 1.5991627420198848 29 True
1.2882174989086332 1.5991627420198848 30 True
1.328443045749528 1.5991627420198848 30 True
1.3686685925904227 1.5991627420198848 37 True
1.4088941394313177 1.5991627420198848 39 True
1.4491196862722124 1.5991627420198848 40 True
1.4893452331131072 1.5991627420198848 45 True
1.529570779954002 1.5991627420198848 56 True
1.5697963267948967 1.5991627420198848 -1 False
0.001 1.6766091051805336 -1 False
0.04122554684089479 1.6766091051805336 -1 False
0.08145109368178959 1.6766091051805336 -1 False
0.12167664052268437 1.6766091051805336 -1 False
0.16190218736357917 1.6766091051805336 -1 False
0.20212773420447397 1.6766091051805336 -1 False
0.24235328104536874 1.6766091051805336 -1 False
0.28257882788626354 1.6766091051805336 -1 False
0.32280437472715834 1.6766091051805336 20 True
0.36302992156805314 1.6766091051805336 16 True
0.40325546840894794 1.6766091051805336 13 True
0.44348101524984274 1.6766091051805336 13 True
0.4837065620907375 1.6766091051805336 13 True
0.5239321089316323 1.6766091051805336 13 True
0.5641576557725271 1.6766091051805336 12 True
0.6043832026134219 1.6766091051805336 11 True
0.6446087494543167 1.6766091051805336 13 True
0.6848342962952114 1.6766091051805336 13 True
0.7250598431361063 1.6766091051805336 14 True
0.765285389977001 1.6766091051805336 14 True
0.8055109368178959 1.6766091051805336 15 True
0.8457364836587906 1.6766091051805336 15 True
0.8859620304996855 1.6766091051805336 17 True
0.9261875773405802 1.6766091051805336 17 True
0.966413124181475 1.6766091051805336 18 True
1.0066386710223696 1.6766091051805336 20 True
1.0468642178632646 1.6766091051805336 22 True
1.0870897647041593 1.6766091051805336 22 True
1.127315311545054 1.6766091051805336 26 True
1.1675408583859488 1.6766091051805336 29 True
1.2077664052268438 1.6766091051805336 30 True
1.2479919520677385 1.6766091051805336 29 True
1.2882174989086332 1.6766091051805336 32 True
1.328443045749528 1.6766091051805336 31 True
1.3686685925904227 1.6766091051805336 37 True
1.4088941394313177 1.6766091051805336 40 True
1.4491196862722124 1.6766091051805336 43 True
1.4893452331131072 1.6766091051805336 47 True
1.529570779954002 1.6766091051805336 54 True
1.5697963267948967 1.6766091051805336 -1 False
0.001 1.7540554683411826 -1 False
0.04122554684089479 1.7540554683411826 -1 False
0.08145109368178959 1.7540554683411826 -1 False
0.12167664052268437 1.7540554683411826 -1 False
0.16190218736357917 1.7540554683411826 -1 False
0.20212773420447397 1.7540554683411826 -1 False
0.24235328104536874 1.7540554683411826 -1 False
0.28257882788626354 1.7540554683411826 -1 False
0.32280437472715834 1.7540554683411826 16 True
0.36302992156805314 1.7540554683411826 15 True
0.40325546840894794 1.7540554683411826 13 True
0.44348101524984274 1.7540554683411826 13 True
0.4837065620907375 1.7540554683411826 13 True
0.5239321089316323 1.7540554683411826 12 True
0.5641576557725271 1.7540554683411826 12 True
0.6043832026134219 1.7540554683411826 13 True
0.6446087494543167 1.7540554683411826 14 True
0.6848342962952114 1.7540554683411826 15 True
0.7250598431361063 1.7540554683411826 15 True
0.765285389977001 1.7540554683411826 16 True
0.8055109368178959 1.7540554683411826 16 True
0.8457364836587906 1.7540554683411826 17 True
0.8859620304996855 1.7540554683411826 19 True
0.9261875773405802 1.7540554683411826 16 True
0.966413124181475 1.7540554683411826 18 True
1.0066386710223696 1.7540554683411826 19 True
1.0468642178632646 1.7540554683411826 22 True
1.0870897647041593 1.7540554683411826 27 True
1.127315311545054 1.7540554683411826 29 True
1.1675408583859488 1.7540554683411826 30 True
1.2077664052268438 1.7540554683411826 31 True
1.2479919520677385 1.7540554683411826 30 True
1.2882174989086332 1.7540554683411826 32 True
1.328443045749528 1.7540554683411826 33 True
1.3686685925904227 1.7540554683411826 33 True
1.4088941394313177 1.7540554683411826 40 True
1.4491196862722124 1.7540554683411826 43 True
1.4893452331131072 1.7540554683411826 45 True
1.529570779954002 1.7540554683411826 59 True
1.5697963267948967 1.7540554683411826 -1 False
0.001 1.8315018315018314 -1 False
0.04122554684089479 1.8315018315018314 -1 False
0.08145109368178959 1.8315018315018314 -1 False
0.12167664052268437 1.8315018315018314 -1 False
0.16190218736357917 1.8315018315018314 -1 False
0.20212773420447397 1.8315018315018314 -1 False
0.24235328104536874 1.8315018315018314 -1 False
0.28257882788626354 1.8315018315018314 16 True
0.32280437472715834 1.8315018315018314 15 True
0.36302992156805314 1.8315018315018314 15 True
0.40325546840894794 1.8315018315018314 13 True
0.44348101524984274 1.8315018315018314 12 True
0.4837065620907375 1.8315018315018314 13 True
0.5239321089316323 1.8315018315018314 12 True
0.5641576557725271 1.8315018315018314 13 True
0.6043832026134219 1.8315018315018314 14 True
0.6446087494543167 1.8315018315018314 15 True
0.6848342962952114 1.8315018315018314 15 True
0.7250598431361063 1.8315018315018314 15 True
0.765285389977001 1.8315018315018314 16 True
0.8055109368178959 1.8315018315018314 17 True
0.8457364836587906 1.8315018315018314 16 True
0.8859620304996855 1.8315018315018314 15 True
0.9261875773405802 1.8315018315018314 17 True
0.966413124181475 1.8315018315018314 18 True
1.0066386710223696 1.8315018315018314 25 True
1.0468642178632646 1.8315018315018314 26 True
1.0870897647041593 1.8315018315018314 27 True
1.127315311545054 1.8315018315018314 30 True
1.1675408583859488 1.8315018315018314 31 True
1.2077664052268438 1.8315018315018314 30 True
1.2479919520677385 1.8315018315018314 33 True
1.2882174989086332 1.8315018315018314 33 True
1.328443045749528 1.8315018315018314 34 True
1.3686685925904227 1.8315018315018314 37 True
1.4088941394313177 1.8315018315018314 43 True
1.4491196862722124 1.8315018315018314 42 True
1.4893452331131072 1.8315018315018314 49 True
1.529570779954002 1.8315018315018314 62 True
1.5697963267948967 1.8315018315018314 -1 False
0.001 1.9089481946624802 -1 False
0.04122554684089479 1.9089481946624802 -1 False
0.08145109368178959 1.9089481946624802 -1 False
0.12167664052268437 1.9089481946624802 -1 False
0.16190218736357917 1.9089481946624802 -1 False
0.20212773420447397 1.9089481946624802 -1 False
0.24235328104536874 1.9089481946624802 16 True
0.28257882788626354 1.9089481946624802 14 True
0.32280437472715834 1.9089481946624802 14 True
0.36302992156805314 1.9089481946624802 13 True
0.40325546840894794 1.9089481946624802 14 True
0.44348101524984274 1.9089481946624802 13 True
0.4837065620907375 1.9089481946624802 13 True
0.5239321089316323 1.9089481946624802 13 True
0.5641576557725271 1.9089481946624802 14 True
0.6043832026134219 1.9089481946624802 14 True
0.6446087494543167 1.9089481946624802 15 True
0.6848342962952114 1.9089481946624802 15 True
0.7250598431361063 1.9089481946624802 17 True
0.765285389977001 1.9089481946624802 16 True
0.8055109368178959 1.9089481946624802 16 True
0.8457364836587906 1.9089481946624802 17 True
0.8859620304996855 1.9089481946624802 17 True
0.9261875773405802 1.9089481946624802 19 True
0.966413124181475 1.9089481946624802 23 True
1.0066386710223696 1.9089481946624802 25 True
1.0468642178632646 1.9089481946624802 27 True
1.0870897647041593 1.9089481946624802 27 True
1.127315311545054 1.9089481946624802 28 True
1.1675408583859488 1.9089481946624802 32 True
1.2077664052268438 1.9089481946624802 31 True
1.2479919520677385 1.9089481946624802 32 True
1.2882174989086332 1.9089481946624802 34 True
1.328443045749528 1.9089481946624802 34 True
1.3686685925904227 1.9089481946624802 38 True
1.4088941394313177 1.9089481946624802 42 True
1.4491196862722124 1.9089481946624802 43 True
1.4893452331131072 1.9089481946624802 46 True
1.529570779954002 1.9089481946624802 57 True
1.5697963267948967 1.9089481946624802 -1 False
0.001 1.9863945578231292 -1 False
0.04122554684089479 1.9863945578231292 -1 False
0.08145109368178959 1.9863945578231292 -1 False
0.12167664052268437 1.9863945578231292 -1 False
0.16190218736357917 1.9863945578231292 -1 False
0.20212773420447397 1.9863945578231292 18 True
0.24235328104536874 1.9863945578231292 16 True
0.28257882788626354 1.9863945578231292 15 True
0.32280437472715834 1.9863945578231292 14 True
0.36302992156805314 1.9863945578231292 13 True
0.40325546840894794 1.9863945578231292 14 True
0.44348101524984274 1.9863945578231292 13 True
0.4837065620907375 1.9863945578231292 14 True
0.5239321089316323 1.9863945578231292 15 True
0.5641576557725271 1.9863945578231292 14 True
0.6043832026134219 1.9863945578231292 15 True
0.6446087494543167 1.9863945578231292 16 True
0.6848342962952114 1.9863945578231292 17 True
0.7250598431361063 1.9863945578231292 17 True
0.765285389977001 1.9863945578231292 17 True
0.8055109368178959 1.9863945578231292 18 True
0.8457364836587906 1.9863945578231292 17 True
0.8859620304996855 1.9863945578231292 22 True
0.9261875773405802 1.9863945578231292 23 True
0.966413124181475 1.9863945578231292 23 True
1.0066386710223696 1.9863945578231292 24 True
1.0468642178632646 1.9863945578231292 28 True
1.0870897647041593 1.9863945578231292 28 True
1.127315311545054 1.9863945578231292 30 True
1.1675408583859488 1.9863945578231292 31 True
1.2077664052268438 1.9863945578231292 32 True
1.2479919520677385 1.9863945578231292 34 True
1.2882174989086332 1.9863945578231292 33 True
1.328443045749528 1.9863945578231292 36 True
1.3686685925904227 1.9863945578231292 40 True
1.4088941394313177 1.9863945578231292 42 True
1.4491196862722124 1.9863945578231292 47 True
1.4893452331131072 1.9863945578231292 47 True
1.529570779954002 1.9863945578231292 60 True
1.5697963267948967 1.9863945578231292 -1 False
0.001 2.063840920983778 -1 False
0.04122554684089479 2.063840920983778 -1 False
0.08145109368178959 2.063840920983778 -1 False
0.12167664052268437 2.063840920983778 -1 False
0.16190218736357917 2.063840920983778 -1 False
0.20212773420447397 2.063840920983778 16 True
0.24235328104536874 2.063840920983778 16 True
0.28257882788626354 2.063840920983778 14 True
0.32280437472715834 2.063840920983778 14 True
0.36302992156805314 2.063840920983778 14 True
0.40325546840894794 2.063840920983778 14 True
0.44348101524984274 2.063840920983778 14 True
0.4837065620907375 2.063840920983778 15 True
0.5239321089316323 2.063840920983778 14 True
0.5641576557725271 2.063840920983778 15 True
0.6043832026134219 2.063840920983778 16 True
0.6446087494543167 2.063840920983778 14 True
0.6848342962952114 2.063840920983778 16 True
0.7250598431361063 2.063840920983778 16 True
0.765285389977001 2.063840920983778 17 True
0.8055109368178959 2.063840920983778 17 True
0.8457364836587906 2.063840920983778 21 True
0.8859620304996855 2.063840920983778 22 True
0.9261875773405802 2.063840920983778 23 True
0.966413124181475 2.063840920983778 24 True
1.0066386710223696 2.063840920983778 25 True
1.0468642178632646 2.063840920983778 27 True
1.0870897647041593 2.063840920983778 28 True
1.127315311545054 2.063840920983778 29 True
1.1675408583859488 2.063840920983778 30 True
1.2077664052268438 2.063840920983778 33 True
1.2479919520677385 2.063840920983778 33 True
1.2882174989086332 2.063840920983778 35 True
1.328443045749528 2.063840920983778 37 True
1.3686685925904227 2.063840920983778 38 True
1.4088941394313177 2.063840920983778 40 True
1.4491196862722124 2.063840920983778 44 True
1.4893452331131072 2.063840920983778 52 True
1.529570779954002 2.063840920983778 60 True
1.5697963267948967 2.063840920983778 -1 False
0.001 2.141287284144427 -1 False
0.04122554684089479 2.141287284144427 -1 False
0.08145109368178959 2.141287284144427 -1 False
0.12167664052268437 2.141287284144427 -1 False
0.16190218736357917 2.141287284144427 17 True
0.20212773420447397 2.141287284144427 16 True
0.24235328104536874 2.141287284144427 15 True
0.28257882788626354 2.141287284144427 14 True
0.32280437472715834 2.141287284144427 14 True
0.36302992156805314 2.141287284144427 14 True
0.40325546840894794 2.141287284144427 15 True
0.44348101524984274 2.141287284144427 14 True
0.4837065620907375 2.141287284144427 15 True
0.5239321089316323 2.141287284144427 16 True
0.5641576557725271 2.141287284144427 16 True
0.6043832026134219 2.141287284144427 15 True
0.6446087494543167 2.141287284144427 16 True
0.6848342962952114 2.141287284144427 17 True
0.7250598431361063 2.141287284144427 17 True
0.765285389977001 2.141287284144427 22 True
0.8055109368178959 2.141287284144427 22 True
0.8457364836587906 2.141287284144427 23 True
0.8859620304996855 2.141287284144427 22 True
0.9261875773405802 2.141287284144427 23 True
0.966413124181475 2.141287284144427 25 True
1.0066386710223696 2.141287284144427 25 True
1.0468642178632646 2.141287284144427 27 True
1.0870897647041593 2.141287284144427 29 True
1.127315311545054 2.141287284144427 29 True
1.1675408583859488 2.141287284144427 32 True
1.2077664052268438 2.141287284144427 32 True
1.2479919520677385 2.141287284144427 35 True
1.2882174989086332 2.141287284144427 35 True
1.328443045749528 2.141287284144427 38 True
1.3686685925904227 2.141287284144427 37 True
1.4088941394313177 2.141287284144427 40 True
1.4491196862722124 2.141287284144427 41 True
1.4893452331131072 2.141287284144427 50 True
1.529570779954002 2.141287284144427 63 True
1.5697963267948967 2.141287284144427 -1 False
0.001 2.218733647305076 -1 False
0.04122554684089479 2.218733647305076 -1 False
0.08145109368178959 2.218733647305076 -1 False
0.12167664052268437 2.218733647305076 19 True
0.16190218736357917 2.218733647305076 16 True
0.20212773420447397 2.218733647305076 15 True
0.24235328104536874 2.218733647305076 15 True
0.28257882788626354 2.218733647305076 15 True
0.32280437472715834 2.218733647305076 14 True
0.36302992156805314 2.218733647305076 15 True
0.40325546840894794 2.218733647305076 15 True
0.44348101524984274 2.218733647305076 15 True
0.4837065620907375 2.218733647305076 15 True
0.5239321089316323 2.218733647305076 18 True
0.5641576557725271 2.218733647305076 16 True
0.6043832026134219 2.218733647305076 17 True
0.6446087494543167 2.218733647305076 18 True
0.6848342962952114 2.218733647305076 20 True
0.7250598431361063 2.218733647305076 23 True
0.765285389977001 2.218733647305076 24 True
0.8055109368178959 2.218733647305076 23 True
0.8457364836587906 2.218733647305076 24 True
0.8859620304996855 2.218733647305076 23 True
0.9261875773405802 2.218733647305076 25 True
0.966413124181475 2.218733647305076 25 True
1.0066386710223696 2.218733647305076 25 True
1.0468642178632646 2.218733647305076 25 True
1.0870897647041593 2.218733647305076 30 True
1.127315311545054 2.218733647305076 31 True
1.1675408583859488 2.218733647305076 33 True
1.2077664052268438 2.218733647305076 33 True
1.2479919520677385 2.218733647305076 35 True
1.2882174989086332 2.218733647305076 35 True
1.328443045749528 2.218733647305076 37 True
1.3686685925904227 2.218733647305076 39 True
1.4088941394313177 2.218733647305076 37 True
1.4491196862722124 2.218733647305076 47 True
1.4893452331131072 2.218733647305076 52 True
1.529570779954002 2.218733647305076 61 True
1.5697963267948967 2.218733647305076 -1 False
0.001 2.296180010465725 -1 False
0.04122554684089479 2.296180010465725 -1 False
0.08145109368178959 2.296180010465725 -1 False
0.12167664052268437 2.296180010465725 17 True
0.16190218736357917 2.296180010465725 16 True
0.20212773420447397 2.296180010465725 15 True
0.24235328104536874 2.296180010465725 15 True
0.28257882788626354 2.296180010465725 14 True
0.32280437472715834 2.296180010465725 15 True
0.36302992156805314 2.296180010465725 15 True
0.40325546840894794 2.296180010465725 15 True
0.44348101524984274 2.296180010465725 17 True
0.4837065620907375 2.296180010465725 16 True
0.5239321089316323 2.296180010465725 15 True
0.5641576557725271 2.296180010465725 17 True
0.6043832026134219 2.296180010465725 19 True
0.6446087494543167 2.296180010465725 17 True
0.6848342962952114 2.296180010465725 23 True
0.7250598431361063 2.296180010465725 23 True
0.765285389977001 2.296180010465725 23 True
0.8055109368178959 2.296180010465725 24 True
0.8457364836587906 2.296180010465725 24 True
0.8859620304996855 2.296180010465725 23 True
0.9261875773405802 2.296180010465725 23 True
0.966413124181475 2.296180010465725 24 True
1.0066386710223696 2.296180010465725 26 True
1.0468642178632646 2.296180010465725 27 True
1.0870897647041593 2.296180010465725 29 True
1.127315311545054 2.296180010465725 31 True
1.1675408583859488 2.296180010465725 32 True
1.2077664052268438 2.296180010465725 32 True
1.2479919520677385 2.296180010465725 33 True
1.2882174989086332 2.296180010465725 36 True
1.328443045749528 2.296180010465725 36 True
1.3686685925904227 2.296180010465725 38 True
1.4088941394313177 2.296180010465725 40 True
1.4491196862722124 2.296180010465725 46 True
1.4893452331131072 2.296180010465725 52 True
1.529570779954002 2.296180010465725 65 True
1.5697963267948967 2.296180010465725 -1 False
0.001 2.3736263736263736 -1 False
0.04122554684089479 2.3736263736263736 -1 False
0.08145109368178959 2.3736263736263736 18 True
0.12167664052268437 2.3736263736263736 16 True
0.16190218736357917 2.3736263736263736 16 True
0.20212773420447397 2.3736263736263736 15 True
0.24235328104536874 2.3736263736263736 14 True
0.28257882788626354 2.3736263736263736 16 True
0.32280437472715834 2.3736263736263736 15 True
0.36302992156805314 2.3736263736263736 15 True
0.40325546840894794 2.3736263736263736 17 True
0.44348101524984274 2.3736263736263736 15 True
0.4837065620907375 2.3736263736263736 16 True
0.5239321089316323 2.3736263736263736 16 True
0.5641576557725271 2.3736263736263736 17 True
0.6043832026134219 2.3736263736263736 21 True
0.6446087494543167 2.3736263736263736 23 True
0.6848342962952114 2.3736263736263736 25 True
0.7250598431361063 2.3736263736263736 24 True
0.765285389977001 2.3736263736263736 23 True
0.8055109368178959 2.3736263736263736 23 True
0.8457364836587906 2.3736263736263736 24 True
0.8859620304996855 2.3736263736263736 22 True
0.9261875773405802 2.3736263736263736 24 True
0.966413124181475 2.3736263736263736 25 True
1.0066386710223696 2.3736263736263736 26 True
1.0468642178632646 2.3736263736263736 26 True
1.0870897647041593 2.3736263736263736 27 True
1.127315311545054 2.3736263736263736 31 True
1.1675408583859488 2.3736263736263736 31 True
1.2077664052268438 2.3736263736263736 32 True
1.2479919520677385 2.3736263736263736 32 True
1.2882174989086332 2.3736263736263736 37 True
1.328443045749528 2.3736263736263736 36 True
1.3686685925904227 2.3736263736263736 38 True
1.4088941394313177 2.3736263736263736 40 True
1.4491196862722124 2.3736263736263736 44 True
1.4893452331131072 2.3736263736263736 49 True
1.529570779954002 2.3736263736263736 62 True
1.5697963267948967 2.3736263736263736 -1 False
0.001 2.4510727367870224 -1 False
0.04122554684089479 2.4510727367870224 -1 False
0.08145109368178959 2.4510727367870224 18 True
0.12167664052268437 2.4510727367870224 16 True
0.16190218736357917 2.4510727367870224 16 True
0.20212773420447397 2.4510727367870224 15 True
0.24235328104536874 2.4510727367870224 15 True
0.28257882788626354 2.4510727367870224 15 True
0.32280437472715834 2.4510727367870224 15 True
0.36302992156805314 2.4510727367870224 15 True
0.40325546840894794 2.4510727367870224 16 True
0.44348101524984274 2.4510727367870224 17 True
0.4837065620907375 2.4510727367870224 18 True
0.5239321089316323 2.4510727367870224 16 True
0.5641576557725271 2.4510727367870224 21 True
0.6043832026134219 2.4510727367870224 22 True
0.6446087494543167 2.4510727367870224 26 True
0.6848342962952114 2.4510727367870224 24 True
0.7250598431361063 2.4510727367870224 23 True
0.765285389977001 2.4510727367870224 25 True
0.8055109368178959 2.4510727367870224 24 True
0.8457364836587906 2.4510727367870224 24 True
0.8859620304996855 2.4510727367870224 23 True
0.9261875773405802 2.4510727367870224 25 True
0.966413124181475 2.4510727367870224 25 True
1.0066386710223696 2.4510727367870224 25 True
1.0468642178632646 2.4510727367870224 28 True
1.0870897647041593 2.4510727367870224 27 True
1.127315311545054 2.4510727367870224 30 True
1.1675408583859488 2.4510727367870224 32 True
1.2077664052268438 2.4510727367870224 33 True
1.2479919520677385 2.4510727367870224 34 True
1.2882174989086332 2.4510727367870224 38 True
1.328443045749528 2.4510727367870224 35 True
1.3686685925904227 2.4510727367870224 38 True
1.4088941394313177 2.4510727367870224 41 True
1.4491196862722124 2.4510727367870224 45 True
1.4893452331131072 2.4510727367870224 52 True
1.529570779954002 2.4510727367870224 66 True
1.5697963267948967 2.4510727367870224 -1 False
0.001 2.5285190999476717 -1 False
0.04122554684089479 2.5285190999476717 18 True
0.08145109368178959 2.5285190999476717 17 True
0.12167664052268437 2.5285190999476717 16 True
0.16190218736357917 2.5285190999476717 16 True
0.20212773420447397 2.5285190999476717 16 True
0.24235328104536874 2.5285190999476717 15 True
0.28257882788626354 2.5285190999476717 17 True
0.32280437472715834 2.5285190999476717 16 True
0.36302992156805314 2.5285190999476717 17 True
0.40325546840894794 2.5285190999476717 17 True
0.44348101524984274 2.5285190999476717 16 True
0.4837065620907375 2.5285190999476717 17 True
0.5239321089316323 2.5285190999476717 21 True
0.5641576557725271 2.5285190999476717 21 True
0.6043832026134219 2.5285190999476717 22 True
0.6446087494543167 2.5285190999476717 26 True
0.6848342962952114 2.5285190999476717 25 True
0.7250598431361063 2.5285190999476717 23 True
0.765285389977001 2.5285190999476717 25 True
0.8055109368178959 2.5285190999476717 25 True
0.8457364836587906 2.5285190999476717 26 True
0.8859620304996855 2.5285190999476717 23 True
0.9261875773405802 2.5285190999476717 25 True
0.966413124181475 2.5285190999476717 25 True
1.0066386710223696 2.5285190999476717 26 True
1.0468642178632646 2.5285190999476717 26 True
1.0870897647041593 2.5285190999476717 27 True
1.127315311545054 2.5285190999476717 27 True
1.1675408583859488 2.5285190999476717 32 True
1.2077664052268438 2.5285190999476717 34 True
1.2479919520677385 2.5285190999476717 35 True
1.2882174989086332 2.5285190999476717 36 True
1.328443045749528 2.5285190999476717 36 True
1.3686685925904227 2.5285190999476717 39 True
1.4088941394313177 2.5285190999476717 43 True
1.4491196862722124 2.5285190999476717 46 True
1.4893452331131072 2.5285190999476717 48 True
1.529570779954002 2.5285190999476717 63 True
1.5697963267948967 2.5285190999476717 -1 False
0.001 2.6059654631083204 22 True
0.04122554684089479 2.6059654631083204 17 True
0.08145109368178959 2.6059654631083204 16 True
0.12167664052268437 2.6059654631083204 16 True
0.16190218736357917 2.6059654631083204 15 True
0.20212773420447397 2.6059654631083204 17 True
0.24235328104536874 2.6059654631083204 16 True
0.28257882788626354 2.6059654631083204 16 True
0.32280437472715834 2.6059654631083204 17 True
0.36302992156805314 2.6059654631083204 18 True
0.40325546840894794 2.6059654631083204 16 True
0.44348101524984274 2.6059654631083204 21 True
0.4837065620907375 2.6059654631083204 22 True
0.5239321089316323 2.6059654631083204 20 True
0.5641576557725271 2.6059654631083204 22 True
0.6043832026134219 2.6059654631083204 22 True
0.6446087494543167 2.6059654631083204 26 True
0.6848342962952114 2.6059654631083204 25 True
0.7250598431361063 2.6059654631083204 25 True
0.765285389977001 2.6059654631083204 26 True
0.8055109368178959 2.6059654631083204 25 True
0.8457364836587906 2.6059654631083204 26 True
0.8859620304996855 2.6059654631083204 24 True
0.9261875773405802 2.6059654631083204 24 True
0.966413124181475 2.6059654631083204 26 True
1.0066386710223696 2.6059654631083204 27 True
1.0468642178632646 2.6059654631083204 28 True
1.0870897647041593 2.6059654631083204 29 True
1.127315311545054 2.6059654631083204 28 True
1.1675408583859488 2.6059654631083204 31 True
1.2077664052268438 2.6059654631083204 34 True
1.2479919520677385 2.6059654631083204 35 True
1.2882174989086332 2.6059654631083204 36 True
1.328443045749528 2.6059654631083204 37 True
1.3686685925904227 2.6059654631083204 39 True
1.4088941394313177 2.6059654631083204 44 True
1.4491196862722124 2.6059654631083204 49 True
1.4893452331131072 2.6059654631083204 51 True
1.529570779954002 2.6059654631083204 59 True
1.5697963267948967 2.6059654631083204 -1 False
0.001 2.6834118262689692 19 True
0.04122554684089479 2.6834118262689692 17 True
0.08145109368178959 2.6834118262689692 17 True
0.12167664052268437 2.6834118262689692 17 True
0.16190218736357917 2.6834118262689692 18 True
0.20212773420447397 2.6834118262689692 16 True
0.24235328104536874 2.6834118262689692 17 True
0.28257882788626354 2.6834118262689692 19 True
0.32280437472715834 2.6834118262689692 19 True
0.36302992156805314 2.6834118262689692 16 True
0.40325546840894794 2.6834118262689692 21 True
0.44348101524984274 2.6834118262689692 22 True
0.4837065620907375 2.6834118262689692 23 True
0.5239321089316323 2.6834118262689692 23 True
0.5641576557725271 2.6834118262689692 24 True
0.6043832026134219 2.6834118262689692 25 True
0.6446087494543167 2.6834118262689692 24 True
0.6848342962952114 2.6834118262689692 25 True
0.7250598431361063 2.6834118262689692 25 True
0.765285389977001 2.6834118262689692 26 True
0.8055109368178959 2.6834118262689692 25 True
0.8457364836587906 2.6834118262689692 26 True
0.8859620304996855 2.6834118262689692 24 True
0.9261875773405802 2.6834118262689692 23 True
0.966413124181475 2.6834118262689692 25 True
1.0066386710223696 2.6834118262689692 25 True
1.0468642178632646 2.6834118262689692 27 True
1.0870897647041593 2.6834118262689692 26 True
1.127315311545054 2.6834118262689692 28 True
1.1675408583859488 2.6834118262689692 33 True
1.2077664052268438 2.6834118262689692 32 True
1.2479919520677385 2.6834118262689692 34 True
1.2882174989086332 2.6834118262689692 36 True
1.328443045749528 2.6834118262689692 38 True
1.3686685925904227 2.6834118262689692 41 True
1.4088941394313177 2.6834118262689692 41 True
1.4491196862722124 2.6834118262689692 47 True
1.4893452331131072 2.6834118262689692 50 True
1.529570779954002 2.6834118262689692 62 True
1.5697963267948967 2.6834118262689692 -1 False
0.001 2.760858189429618 18 True
0.04122554684089479 2.760858189429618 18 True
0.08145109368178959 2.760858189429618 18 True
0.12167664052268437 2.760858189429618 17 True
0.16190218736357917 2.760858189429618 17 True
0.20212773420447397 2.760858189429618 17 True
0.24235328104536874 2.760858189429618 19 True
0.28257882788626354 2.760858189429618 17 True
0.32280437472715834 2.760858189429618 18 True
0.36302992156805314 2.760858189429618 22 True
0.40325546840894794 2.760858189429618 22 True
0.44348101524984274 2.760858189429618 22 True
0.4837065620907375 2.760858189429618 23 True
0.5239321089316323 2.760858189429618 22 True
0.5641576557725271 2.760858189429618 23 True
0.6043832026134219 2.760858189429618 27 True
0.6446087494543167 2.760858189429618 25 True
0.6848342962952114 2.760858189429618 24 True
0.7250598431361063 2.760858189429618 24 True
0.765285389977001 2.760858189429618 26 True
0.8055109368178959 2.760858189429618 25 True
0.8457364836587906 2.760858189429618 25 True
0.8859620304996855 2.760858189429618 25 True
0.9261875773405802 2.760858189429618 25 True
0.966413124181475 2.760858189429618 25 True
1.0066386710223696 2.760858189429618 26 True
1.0468642178632646 2.760858189429618 27 True
1.0870897647041593 2.760858189429618 28 True
1.127315311545054 2.760858189429618 28 True
1.1675408583859488 2.760858189429618 29 True
1.2077664052268438 2.760858189429618 33 True
1.2479919520677385 2.760858189429618 34 True
1.2882174989086332 2.760858189429618 35 True
1.328443045749528 2.760858189429618 36 True
1.3686685925904227 2.760858189429618 41 True
1.4088941394313177 2.760858189429618 44 True
1.4491196862722124 2.760858189429618 45 True
1.4893452331131072 2.760858189429618 56 True
1.529570779954002 2.760858189429618 60 True
1.5697963267948967 2.760858189429618 -1 False
0.001 2.838304552590267 18 True
0.04122554684089479 2.838304552590267 19 True
0.08145109368178959 2.838304552590267 19 True
0.12167664052268437 2.838304552590267 17 True
0.16190218736357917 2.838304552590267 19 True
0.20212773420447397 2.838304552590267 19 True
0.24235328104536874 2.838304552590267 17 True
0.28257882788626354 2.838304552590267 22 True
0.32280437472715834 2.838304552590267 21 True
0.36302992156805314 2.838304552590267 22 True
0.40325546840894794 2.838304552590267 23 True
0.44348101524984274 2.838304552590267 23 True
0.4837065620907375 2.838304552590267 23 True
0.5239321089316323 2.838304552590267 23 True
0.5641576557725271 2.838304552590267 23 True
0.6043832026134219 2.838304552590267 27 True
0.6446087494543167 2.838304552590267 26 True
0.6848342962952114 2.838304552590267 25 True
0.7250598431361063 2.838304552590267 26 True
0.765285389977001 2.838304552590267 27 True
0.8055109368178959 2.838304552590267 24 True
0.8457364836587906 2.838304552590267 26 True
0.8859620304996855 2.838304552590267 26 True
0.9261875773405802 2.838304552590267 25 True
0.966413124181475 2.838304552590267 25 True
1.0066386710223696 2.838304552590267 27 True
1.0468642178632646 2.838304552590267 27 True
1.0870897647041593 2.838304552590267 27 True
1.127315311545054 2.838304552590267 29 True
1.1675408583859488 2.838304552590267 30 True
1.2077664052268438 2.838304552590267 34 True
1.2479919520677385 2.838304552590267 35 True
1.2882174989086332 2.838304552590267 37 True
1.328443045749528 2.838304552590267 35 True
1.3686685925904227 2.838304552590267 38 True
1.4088941394313177 2.838304552590267 45 True
1.4491196862722124 2.838304552590267 48 True
1.4893452331131072 2.838304552590267 52 True
1.529570779954002 2.838304552590267 62 True
1.5697963267948967 2.838304552590267 -1 False
0.001 2.915750915750916 19 True
0.04122554684089479 2.915750915750916 19 True
0.08145109368178959 2.915750915750916 19 True
0.12167664052268437 2.915750915750916 19 True
0.16190218736357917 2.915750915750916 18 True
0.20212773420447397 2.915750915750916 18 True
0.24235328104536874 2.915750915750916 22 True
0.28257882788626354 2.915750915750916 22 True
0.32280437472715834 2.915750915750916 22 True
0.36302992156805314 2.915750915750916 21 True
0.40325546840894794 2.915750915750916 22 True
0.44348101524984274 2.915750915750916 23 True
0.4837065620907375 2.915750915750916 23 True
0.5239321089316323 2.915750915750916 23 True
0.5641576557725271 2.915750915750916 26 True
0.6043832026134219 2.915750915750916 26 True
0.6446087494543167 2.915750915750916 27 True
0.6848342962952114 2.915750915750916 25 True
0.7250598431361063 2.915750915750916 25 True
0.765285389977001 2.915750915750916 26 True
0.8055109368178959 2.915750915750916 27 True
0.8457364836587906 2.915750915750916 27 True
0.8859620304996855 2.915750915750916 25 True
0.9261875773405802 2.915750915750916 24 True
0.966413124181475 2.915750915750916 26 True
1.0066386710223696 2.915750915750916 25 True
1.0468642178632646 2.915750915750916 26 True
1.0870897647041593 2.915750915750916 28 True
1.127315311545054 2.915750915750916 28 True
1.1675408583859488 2.915750915750916 30 True
1.2077664052268438 2.915750915750916 32 True
1.2479919520677385 2.915750915750916 35 True
1.2882174989086332 2.915750915750916 37 True
1.328443045749528 2.915750915750916 36 True
1.3686685925904227 2.915750915750916 40 True
1.4088941394313177 2.915750915750916 42 True
1.4491196862722124 2.915750915750916 49 True
1.4893452331131072 2.915750915750916 50 True
1.529570779954002 2.915750915750916 64 True
1.5697963267948967 2.915750915750916 -1 False
0.001 2.993197278911565 19 True
0.04122554684089479 2.993197278911565 19 True
0.08145109368178959 2.993197278911565 19 True
0.12167664052268437 2.993197278911565 18 True
0.16190218736357917 2.993197278911565 19 True
0.20212773420447397 2.993197278911565 22 True
0.24235328104536874 2.993197278911565 20 True
0.28257882788626354 2.993197278911565 22 True
0.32280437472715834 2.993197278911565 22 True
0.36302992156805314 2.993197278911565 23 True
0.40325546840894794 2.993197278911565 24 True
0.44348101524984274 2.993197278911565 24 True
0.4837065620907375 2.993197278911565 24 True
0.5239321089316323 2.993197278911565 23 True
0.5641576557725271 2.993197278911565 26 True
0.6043832026134219 2.993197278911565 26 True
0.6446087494543167 2.993197278911565 27 True
0.6848342962952114 2.993197278911565 27 True
0.7250598431361063 2.993197278911565 28 True
0.765285389977001 2.993197278911565 25 True
0.8055109368178959 2.993197278911565 27 True
0.8457364836587906 2.993197278911565 26 True
0.8859620304996855 2.993197278911565 27 True
0.9261875773405802 2.993197278911565 25 True
0.966413124181475 2.993197278911565 25 True
1.0066386710223696 2.993197278911565 26 True
1.0468642178632646 2.993197278911565 28 True
1.0870897647041593 2.993197278911565 28 True
1.127315311545054 2.993197278911565 29 True
1.1675408583859488 2.993197278911565 30 True
1.2077664052268438 2.993197278911565 31 True
1.2479919520677385 2.993197278911565 37 True
1.2882174989086332 2.993197278911565 38 True
1.328443045749528 2.993197278911565 37 True
1.3686685925904227 2.993197278911565 37 True
1.4088941394313177 2.993197278911565 43 True
1.4491196862722124 2.993197278911565 46 True
1.4893452331131072 2.993197278911565 58 True
1.529570779954002 2.993197278911565 67 True
1.5697963267948967 2.993197278911565 -1 False
0.001 3.0706436420722136 20 True
0.04122554684089479 3.0706436420722136 18 True
0.08145109368178959 3.0706436420722136 19 True
0.12167664052268437 3.0706436420722136 22 True
0.16190218736357917 3.0706436420722136 23 True
0.20212773420447397 3.0706436420722136 23 True
0.24235328104536874 3.0706436420722136 22 True
0.28257882788626354 3.0706436420722136 24 True
0.32280437472715834 3.0706436420722136 23 True
0.36302992156805314 3.0706436420722136 24 True
0.40325546840894794 3.0706436420722136 23 True
0.44348101524984274 3.0706436420722136 25 True
0.4837065620907375 3.0706436420722136 23 True
0.5239321089316323 3.0706436420722136 27 True
0.5641576557725271 3.0706436420722136 25 True
0.6043832026134219 3.0706436420722136 27 True
0.6446087494543167 3.0706436420722136 26 True
0.6848342962952114 3.0706436420722136 26 True
0.7250598431361063 3.0706436420722136 26 True
0.765285389977001 3.0706436420722136 26 True
0.8055109368178959 3.0706436420722136 26 True
0.8457364836587906 3.0706436420722136 27 True
0.8859620304996855 3.0706436420722136 27 True
0.9261875773405802 3.0706436420722136 26 True
0.966413124181475 3.0706436420722136 26 True
1.0066386710223696 3.0706436420722136 26 True
1.0468642178632646 3.0706436420722136 28 True
1.0870897647041593 3.0706436420722136 29 True
1.127315311545054 3.0706436420722136 30 True
1.1675408583859488 3.0706436420722136 31 True
1.2077664052268438 3.0706436420722136 32 True
1.2479919520677385 3.0706436420722136 35 True
1.2882174989086332 3.0706436420722136 39 True
1.328443045749528 3.0706436420722136 37 True
1.3686685925904227 3.0706436420722136 38 True
1.4088941394313177 3.0706436420722136 45 True
1.4491196862722124 3.0706436420722136 50 True
1.4893452331131072 3.0706436420722136 56 True
1.529570779954002 3.0706436420722136 69 True
1.5697963267948967 3.0706436420722136 -1 False
0.001 3.1480900052328624 18 True
0.04122554684089479 3.1480900052328624 19 True
0.08145109368178959 3.1480900052328624 24 True
0.12167664052268437 3.1480900052328624 24 True
0.16190218736357917 3.1480900052328624 23 True
0.20212773420447397 3.1480900052328624 23 True
0.24235328104536874 3.1480900052328624 23 True
0.28257882788626354 3.1480900052328624 23 True
0.32280437472715834 3.1480900052328624 23 True
0.36302992156805314 3.1480900052328624 24 True
0.40325546840894794 3.1480900052328624 25 True
0.44348101524984274 3.1480900052328624 25 True
0.4837065620907375 3.1480900052328624 25 True
0.5239321089316323 3.1480900052328624 27 True
0.5641576557725271 3.1480900052328624 25 True
0.6043832026134219 3.1480900052328624 26 True
0.6446087494543167 3.1480900052328624 27 True
0.6848342962952114 3.1480900052328624 25 True
0.7250598431361063 3.1480900052328624 28 True
0.765285389977001 3.1480900052328624 27 True
0.8055109368178959 3.1480900052328624 27 True
0.8457364836587906 3.1480900052328624 26 True
0.8859620304996855 3.1480900052328624 27 True
0.9261875773405802 3.1480900052328624 24 True
0.966413124181475 3.1480900052328624 24 True
1.0066386710223696 3.1480900052328624 26 True
1.0468642178632646 3.1480900052328624 28 True
1.0870897647041593 3.1480900052328624 29 True
1.127315311545054 3.1480900052328624 31 True
1.1675408583859488 3.1480900052328624 33 True
1.2077664052268438 3.1480900052328624 34 True
1.2479919520677385 3.1480900052328624 35 True
1.2882174989086332 3.1480900052328624 38 True
1.328443045749528 3.1480900052328624 38 True
1.3686685925904227 3.1480900052328624 40 True
1.4088941394313177 3.1480900052328624 46 True
1.4491196862722124 3.1480900052328624 49 True
1.4893452331131072 3.1480900052328624 57 True
1.529570779954002 3.1480900052328624 66 True
1.5697963267948967 3.1480900052328624 -1 False
0.001 3.225536368393511 20 True
0.04122554684089479 3.225536368393511 25 True
0.08145109368178959 3.225536368393511 26 True
0.12167664052268437 3.225536368393511 25 True
0.16190218736357917 3.225536368393511 24 True
0.20212773420447397 3.225536368393511 23 True
0.24235328104536874 3.225536368393511 24 True
0.28257882788626354 3.225536368393511 24 True
0.32280437472715834 3.225536368393511 24 True
0.36302992156805314 3.225536368393511 25 True
0.40325546840894794 3.225536368393511 25 True
0.44348101524984274 3.225536368393511 24 True
0.4837065620907375 3.225536368393511 25 True
0.5239321089316323 3.225536368393511 26 True
0.5641576557725271 3.225536368393511 28 True
0.6043832026134219 3.225536368393511 26 True
0.6446087494543167 3.225536368393511 27 True
0.6848342962952114 3.225536368393511 27 True
0.7250598431361063 3.225536368393511 26 True
0.765285389977001 3.225536368393511 27 True
0.8055109368178959 3.225536368393511 27 True
0.8457364836587906 3.225536368393511 28 True
0.8859620304996855 3.225536368393511 27 True
0.9261875773405802 3.225536368393511 26 True
0.966413124181475 3.225536368393511 25 True
1.0066386710223696 3.225536368393511 27 True
1.0468642178632646 3.225536368393511 28 True
1.0870897647041593 3.225536368393511 28 True
1.127315311545054 3.225536368393511 30 True
1.1675408583859488 3.225536368393511 31 True
1.2077664052268438 3.225536368393511 32 True
1.2479919520677385 3.225536368393511 36 True
1.2882174989086332 3.225536368393511 43 True
1.328443045749528 3.225536368393511 42 True
1.3686685925904227 3.225536368393511 38 True
1.4088941394313177 3.225536368393511 45 True
1.4491196862722124 3.225536368393511 52 True
1.4893452331131072 3.225536368393511 56 True
1.529570779954002 3.225536368393511 73 True
1.5697963267948967 3.225536368393511 -1 False
0.001 3.3029827315541604 24 True
0.04122554684089479 3.3029827315541604 25 True
0.08145109368178959 3.3029827315541604 26 True
0.12167664052268437 3.3029827315541604 24 True
0.16190218736357917 3.3029827315541604 23 True
0.20212773420447397 3.3029827315541604 24 True
0.24235328104536874 3.3029827315541604 25 True
0.28257882788626354 3.3029827315541604 24 True
0.32280437472715834 3.3029827315541604 24 True
0.36302992156805314 3.3029827315541604 24 True
0.40325546840894794 3.3029827315541604 24 True
0.44348101524984274 3.3029827315541604 25 True
0.4837065620907375 3.3029827315541604 29 True
0.5239321089316323 3.3029827315541604 25 True
0.5641576557725271 3.3029827315541604 26 True
0.6043832026134219 3.3029827315541604 28 True
0.6446087494543167 3.3029827315541604 26 True
0.6848342962952114 3.3029827315541604 27 True
0.7250598431361063 3.3029827315541604 27 True
0.765285389977001 3.3029827315541604 29 True
0.8055109368178959 3.3029827315541604 28 True
0.8457364836587906 3.3029827315541604 26 True
0.8859620304996855 3.3029827315541604 27 True
0.9261875773405802 3.3029827315541604 26 True
0.966413124181475 3.3029827315541604 26 True
1.0066386710223696 3.3029827315541604 26 True
1.0468642178632646 3.3029827315541604 28 True
1.0870897647041593 3.3029827315541604 30 True
1.127315311545054 3.3029827315541604 31 True
1.1675408583859488 3.3029827315541604 31 True
1.2077664052268438 3.3029827315541604 32 True
1.2479919520677385 3.3029827315541604 36 True
1.2882174989086332 3.3029827315541604 36 True
1.328443045749528 3.3029827315541604 40 True
1.3686685925904227 3.3029827315541604 41 True
1.4088941394313177 3.3029827315541604 54 True
1.4491196862722124 3.3029827315541604 51 True
1.4893452331131072 3.3029827315541604 61 True
1.529570779954002 3.3029827315541604 64 True
1.5697963267948967 3.3029827315541604 -1 False
0.001 3.3804290947148092 25 True
0.04122554684089479 3.3804290947148092 27 True
0.08145109368178959 3.3804290947148092 26 True
0.12167664052268437 3.3804290947148092 24 True
0.16190218736357917 3.3804290947148092 25 True
0.20212773420447397 3.3804290947148092 25 True
0.24235328104536874 3.3804290947148092 25 True
0.28257882788626354 3.3804290947148092 24 True
0.32280437472715834 3.3804290947148092 24 True
0.36302992156805314 3.3804290947148092 26 True
0.40325546840894794 3.3804290947148092 25 True
0.44348101524984274 3.3804290947148092 24 True
0.4837065620907375 3.3804290947148092 23 True
0.5239321089316323 3.3804290947148092 28 True
0.5641576557725271 3.3804290947148092 30 True
0.6043832026134219 3.3804290947148092 27 True
0.6446087494543167 3.3804290947148092 27 True
0.6848342962952114 3.3804290947148092 27 True
0.7250598431361063 3.3804290947148092 26 True
0.765285389977001 3.3804290947148092 27 True
0.8055109368178959 3.3804290947148092 28 True
0.8457364836587906 3.3804290947148092 29 True
0.8859620304996855 3.3804290947148092 27 True
0.9261875773405802 3.3804290947148092 27 True
0.966413124181475 3.3804290947148092 24 True
1.0066386710223696 3.3804290947148092 28 True
1.0468642178632646 3.3804290947148092 27 True
1.0870897647041593 3.3804290947148092 29 True
1.127315311545054 3.3804290947148092 31 True
1.1675408583859488 3.3804290947148092 32 True
1.2077664052268438 3.3804290947148092 35 True
1.2479919520677385 3.3804290947148092 36 True
1.2882174989086332 3.3804290947148092 36 True
1.328443045749528 3.3804290947148092 42 True
1.3686685925904227 3.3804290947148092 42 True
1.4088941394313177 3.3804290947148092 48 True
1.4491196862722124 3.3804290947148092 52 True
1.4893452331131072 3.3804290947148092 59 True
1.529570779954002 3.3804290947148092 70 True
1.5697963267948967 3.3804290947148092 -1 False
0.001 3.457875457875458 25 True
0.04122554684089479 3.457875457875458 26 True
0.08145109368178959 3.457875457875458 25 True
0.12167664052268437 3.457875457875458 25 True
0.16190218736357917 3.457875457875458 23 True
0.20212773420447397 3.457875457875458 25 True
0.24235328104536874 3.457875457875458 24 True
0.28257882788626354 3.457875457875458 24 True
0.32280437472715834 3.457875457875458 24 True
0.36302992156805314 3.457875457875458 25 True
0.40325546840894794 3.457875457875458 25 True
0.44348101524984274 3.457875457875458 27 True
0.4837065620907375 3.457875457875458 25 True
0.5239321089316323 3.457875457875458 27 True
0.5641576557725271 3.457875457875458 27 True
0.6043832026134219 3.457875457875458 27 True
0.6446087494543167 3.457875457875458 27 True
0.6848342962952114 3.457875457875458 26 True
0.7250598431361063 3.457875457875458 28 True
0.765285389977001 3.457875457875458 28 True
0.8055109368178959 3.457875457875458 29 True
0.8457364836587906 3.457875457875458 26 True
0.8859620304996855 3.457875457875458 28 True
0.9261875773405802 3.457875457875458 26 True
0.966413124181475 3.457875457875458 26 True
1.0066386710223696 3.457875457875458 27 True
1.0468642178632646 3.457875457875458 28 True
1.0870897647041593 3.457875457875458 29 True
1.127315311545054 3.457875457875458 31 True
1.1675408583859488 3.457875457875458 30 True
1.2077664052268438 3.457875457875458 37 True
1.2479919520677385 3.457875457875458 37 True
1.2882174989086332 3.457875457875458 38 True
1.328443045749528 3.457875457875458 38 True
1.3686685925904227 3.457875457875458 41 True
1.4088941394313177 3.457875457875458 47 True
1.4491196862722124 3.457875457875458 56 True
1.4893452331131072 3.457875457875458 59 True
1.529570779954002 3.457875457875458 75 True
1.5697963267948967 3.457875457875458 -1 False
0.001 3.535321821036107 27 True
0.04122554684089479 3.535321821036107 25 True
0.08145109368178959 3.535321821036107 24 True
0.12167664052268437 3.535321821036107 24 True
0.16190218736357917 3.535321821036107 24 True
0.20212773420447397 3.535321821036107 24 True
0.24235328104536874 3.535321821036107 26 True
0.28257882788626354 3.535321821036107 25 True
0.32280437472715834 3.535321821036107 26 True
0.36302992156805314 3.535321821036107 27 True
0.40325546840894794 3.535321821036107 25 True
0.44348101524984274 3.535321821036107 24 True
0.4837065620907375 3.535321821036107 26 True
0.5239321089316323 3.535321821036107 29 True
0.5641576557725271 3.535321821036107 26 True
0.6043832026134219 3.535321821036107 27 True
0.6446087494543167 3.535321821036107 27 True
0.6848342962952114 3.535321821036107 27 True
0.7250598431361063 3.535321821036107 27 True
0.765285389977001 3.535321821036107 28 True
0.8055109368178959 3.535321821036107 26 True
0.8457364836587906 3.535321821036107 28 True
0.8859620304996855 3.535321821036107 28 True
0.9261875773405802 3.535321821036107 26 True
0.966413124181475 3.535321821036107 26 True
1.0066386710223696 3.535321821036107 27 True
1.0468642178632646 3.535321821036107 27 True
1.0870897647041593 3.535321821036107 30 True
1.127315311545054 3.535321821036107 30 True
1.1675408583859488 3.535321821036107 32 True
1.2077664052268438 3.535321821036107 35 True
1.2479919520677385 3.535321821036107 36 True
1.2882174989086332 3.535321821036107 39 True
1.328443045749528 3.535321821036107 36 True
1.3686685925904227 3.535321821036107 39 True
1.4088941394313177 3.535321821036107 47 True
1.4491196862722124 3.535321821036107 52 True
1.4893452331131072 3.535321821036107 63 True
1.529570779954002 3.535321821036107 71 True
1.5697963267948967 3.535321821036107 -1 False
0.001 3.6127681841967556 25 True
0.04122554684089479 3.6127681841967556 25 True
0.08145109368178959 3.6127681841967556 25 True
0.12167664052268437 3.6127681841967556 25 True
0.16190218736357917 3.6127681841967556 25 True
0.20212773420447397 3.6127681841967556 25 True
0.24235328104536874 3.6127681841967556 26 True
0.28257882788626354 3.6127681841967556 25 True
0.32280437472715834 3.6127681841967556 26 True
0.36302992156805314 3.6127681841967556 25 True
0.40325546840894794 3.6127681841967556 28 True
0.44348101524984274 3.6127681841967556 25 True
0.4837065620907375 3.6127681841967556 26 True
0.5239321089316323 3.6127681841967556 27 True
0.5641576557725271 3.6127681841967556 28 True
0.6043832026134219 3.6127681841967556 27 True
0.6446087494543167 3.6127681841967556 25 True
0.6848342962952114 3.6127681841967556 27 True
0.7250598431361063 3.6127681841967556 26 True
0.765285389977001 3.6127681841967556 27 True
0.8055109368178959 3.6127681841967556 27 True
0.8457364836587906 3.6127681841967556 28 True
0.8859620304996855 3.6127681841967556 28 True
0.9261875773405802 3.6127681841967556 27 True
0.966413124181475 3.6127681841967556 26 True
1.0066386710223696 3.6127681841967556 26 True
1.0468642178632646 3.6127681841967556 26 True
1.0870897647041593 3.6127681841967556 29 True
1.127315311545054 3.6127681841967556 31 True
1.1675408583859488 3.6127681841967556 31 True
1.2077664052268438 3.6127681841967556 34 True
1.2479919520677385 3.6127681841967556 35 True
1.2882174989086332 3.6127681841967556 37 True
1.328443045749528 3.6127681841967556 37 True
1.3686685925904227 3.6127681841967556 38 True
1.4088941394313177 3.6127681841967556 50 True
1.4491196862722124 3.6127681841967556 59 True
1.4893452331131072 3.6127681841967556 60 True
1.529570779954002 3.6127681841967556 75 True
1.5697963267948967 3.6127681841967556 -1 False
0.001 3.6902145473574044 25 True
0.04122554684089479 3.6902145473574044 26 True
0.08145109368178959 3.6902145473574044 26 True
0.12167664052268437 3.6902145473574044 25 True
0.16190218736357917 3.6902145473574044 25 True
0.20212773420447397 3.6902145473574044 25 True
0.24235328104536874 3.6902145473574044 25 True
0.28257882788626354 3.6902145473574044 25 True
0.32280437472715834 3.6902145473574044 27 True
0.36302992156805314 3.6902145473574044 29 True
0.40325546840894794 3.6902145473574044 26 True
0.44348101524984274 3.6902145473574044 28 True
0.4837065620907375 3.6902145473574044 28 True
0.5239321089316323 3.6902145473574044 27 True
0.5641576557725271 3.6902145473574044 27 True
0.6043832026134219 3.6902145473574044 28 True
0.6446087494543167 3.6902145473574044 28 True
0.6848342962952114 3.6902145473574044 25 True
0.7250598431361063 3.6902145473574044 28 True
0.765285389977001 3.6902145473574044 29 True
0.8055109368178959 3.6902145473574044 27 True
0.8457364836587906 3.6902145473574044 28 True
0.8859620304996855 3.6902145473574044 28 True
0.9261875773405802 3.6902145473574044 28 True
0.966413124181475 3.6902145473574044 27 True
1.0066386710223696 3.6902145473574044 27 True
1.0468642178632646 3.6902145473574044 28 True
1.0870897647041593 3.6902145473574044 30 True
1.127315311545054 3.6902145473574044 31 True
1.1675408583859488 3.6902145473574044 32 True
1.2077664052268438 3.6902145473574044 33 True
1.2479919520677385 3.6902145473574044 38 True
1.2882174989086332 3.6902145473574044 37 True
1.328443045749528 3.6902145473574044 37 True
1.3686685925904227 3.6902145473574044 41 True
1.4088941394313177 3.6902145473574044 59 True
1.4491196862722124 3.6902145473574044 59 True
1.4893452331131072 3.6902145473574044 62 True
1.529570779954002 3.6902145473574044 75 True
1.5697963267948967 3.6902145473574044 -1 False
0.001 3.7676609105180536 25 True
0.04122554684089479 3.7676609105180536 25 True
0.08145109368178959 3.7676609105180536 27 True
0.12167664052268437 3.7676609105180536 27 True
0.16190218736357917 3.7676609105180536 26 True
0.20212773420447397 3.7676609105180536 26 True
0.24235328104536874 3.7676609105180536 26 True
0.28257882788626354 3.7676609105180536 25 True
0.32280437472715834 3.7676609105180536 26 True
0.36302992156805314 3.7676609105180536 26 True
0.40325546840894794 3.7676609105180536 28 True
0.44348101524984274 3.7676609105180536 25 True
0.4837065620907375 3.7676609105180536 26 True
0.5239321089316323 3.7676609105180536 28 True
0.5641576557725271 3.7676609105180536 27 True
0.6043832026134219 3.7676609105180536 26 True
0.6446087494543167 3.7676609105180536 25 True
0.6848342962952114 3.7676609105180536 27 True
0.7250598431361063 3.7676609105180536 28 True
0.765285389977001 3.7676609105180536 30 True
0.8055109368178959 3.7676609105180536 27 True
0.8457364836587906 3.7676609105180536 28 True
0.8859620304996855 3.7676609105180536 28 True
0.9261875773405802 3.7676609105180536 28 True
0.966413124181475 3.7676609105180536 27 True
1.0066386710223696 3.7676609105180536 26 True
1.0468642178632646 3.7676609105180536 28 True
1.0870897647041593 3.7676609105180536 29 True
1.127315311545054 3.7676609105180536 30 True
1.1675408583859488 3.7676609105180536 31 True
1.2077664052268438 3.7676609105180536 33 True
1.2479919520677385 3.7676609105180536 37 True
1.2882174989086332 3.7676609105180536 41 True
1.328443045749528 3.7676609105180536 39 True
1.3686685925904227 3.7676609105180536 42 True
1.4088941394313177 3.7676609105180536 51 True
1.4491196862722124 3.7676609105180536 58 True
1.4893452331131072 3.7676609105180536 63 True
1.529570779954002 3.7676609105180536 70 True
1.5697963267948967 3.7676609105180536 -1 False
0.001 3.8451072736787024 26 True
0.04122554684089479 3.8451072736787024 27 True
0.08145109368178959 3.8451072736787024 27 True
0.12167664052268437 3.8451072736787024 26 True
0.16190218736357917 3.8451072736787024 27 True
0.20212773420447397 3.8451072736787024 26 True
0.24235328104536874 3.8451072736787024 28 True
0.28257882788626354 3.8451072736787024 26 True
0.32280437472715834 3.8451072736787024 28 True
0.36302992156805314 3.8451072736787024 26 True
0.40325546840894794 3.8451072736787024 27 True
0.44348101524984274 3.8451072736787024 27 True
0.4837065620907375 3.8451072736787024 28 True
0.5239321089316323 3.8451072736787024 28 True
0.5641576557725271 3.8451072736787024 29 True
0.6043832026134219 3.8451072736787024 28 True
0.6446087494543167 3.8451072736787024 26 True
0.6848342962952114 3.8451072736787024 28 True
0.7250598431361063 3.8451072736787024 28 True
0.765285389977001 3.8451072736787024 27 True
0.8055109368178959 3.8451072736787024 28 True
0.8457364836587906 3.8451072736787024 28 True
0.8859620304996855 3.8451072736787024 29 True
0.9261875773405802 3.8451072736787024 28 True
0.966413124181475 3.8451072736787024 27 True
1.0066386710223696 3.8451072736787024 26 True
1.0468642178632646 3.8451072736787024 28 True
1.0870897647041593 3.8451072736787024 29 True
1.127315311545054 3.8451072736787024 30 True
1.1675408583859488 3.8451072736787024 33 True
1.2077664052268438 3.8451072736787024 34 True
1.2479919520677385 3.8451072736787024 39 True
1.2882174989086332 3.8451072736787024 38 True
1.328443045749528 3.8451072736787024 39 True
1.3686685925904227 3.8451072736787024 41 True
1.4088941394313177 3.8451072736787024 51 True
1.4491196862722124 3.8451072736787024 61 True
1.4893452331131072 3.8451072736787024 66 True
1.529570779954002 3.8451072736787024 76 True
1.5697963267948967 3.8451072736787024 -1 False
0.001 3.922553636839351 26 True
0.04122554684089479 3.922553636839351 27 True
0.08145109368178959 3.922553636839351 26 True
0.12167664052268437 3.922553636839351 27 True
0.16190218736357917 3.922553636839351 26 True
0.20212773420447397 3.922553636839351 25 True
0.24235328104536874 3.922553636839351 28 True
0.28257882788626354 3.922553636839351 29 True
0.32280437472715834 3.922553636839351 27 True
0.36302992156805314 3.922553636839351 26 True
0.40325546840894794 3.922553636839351 29 True
0.44348101524984274 3.922553636839351 28 True
0.4837065620907375 3.922553636839351 27 True
0.5239321089316323 3.922553636839351 27 True
0.5641576557725271 3.922553636839351 29 True
0.6043832026134219 3.922553636839351 28 True
0.6446087494543167 3.922553636839351 28 True
0.6848342962952114 3.922553636839351 28 True
0.7250598431361063 3.922553636839351 29 True
0.765285389977001 3.922553636839351 30 True
0.8055109368178959 3.922553636839351 28 True
0.8457364836587906 3.922553636839351 28 True
0.8859620304996855 3.922553636839351 29 True
0.9261875773405802 3.922553636839351 28 True
0.966413124181475 3.922553636839351 28 True
1.0066386710223696 3.922553636839351 27 True
1.0468642178632646 3.922553636839351 28 True
1.0870897647041593 3.922553636839351 30 True
1.127315311545054 3.922553636839351 31 True
1.1675408583859488 3.922553636839351 33 True
1.2077664052268438 3.922553636839351 36 True
1.2479919520677385 3.922553636839351 36 True
1.2882174989086332 3.922553636839351 36 True
1.328443045749528 3.922553636839351 39 True
1.3686685925904227 3.922553636839351 43 True
1.4088941394313177 3.922553636839351 52 True
1.4491196862722124 3.922553636839351 56 True
1.4893452331131072 3.922553636839351 67 True
1.529570779954002 3.922553636839351 76 True
1.5697963267948967 3.922553636839351 -1 False
0.001 4.0 28 True
0.04122554684089479 4.0 27 True
0.08145109368178959 4.0 26 True
0.12167664052268437 4.0 28 True
0.16190218736357917 4.0 28 True
0.20212773420447397 4.0 26 True
0.24235328104536874 4.0 26 True
0.28257882788626354 4.0 27 True
0.32280437472715834 4.0 26 True
0.36302992156805314 4.0 31 True
0.40325546840894794 4.0 28 True
0.44348101524984274 4.0 27 True
0.4837065620907375 4.0 29 True
0.5239321089316323 4.0 29 True
0.5641576557725271 4.0 29 True
0.6043832026134219 4.0 28 True
0.6446087494543167 4.0 27 True
0.6848342962952114 4.0 30 True
0.7250598431361063 4.0 29 True
0.765285389977001 4.0 28 True
0.8055109368178959 4.0 28 True
0.8457364836587906 4.0 28 True
0.8859620304996855 4.0 28 True
0.9261875773405802 4.0 27 True
0.966413124181475 4.0 28 True
1.0066386710223696 4.0 27 True
1.0468642178632646 4.0 28 True
1.0870897647041593 4.0 30 True
1.127315311545054 4.0 31 True
1.1675408583859488 4.0 34 True
1.2077664052268438 4.0 33 True
1.2479919520677385 4.0 35 True
1.2882174989086332 4.0 36 True
1.328443045749528 4.0 39 True
1.3686685925904227 4.0 41 True
1.4088941394313177 4.0 48 True
1.4491196862722124 4.0 59 True
1.4893452331131072 4.0 68 True
1.529570779954002 4.0 71 True
1.5697963267948967 4.0 -1 False